my_w
weight_1
[[ 1.e-05  0.e+00  0.e+00  0.e+00  0.e+00  1.e-05  0.e+00  1.e-05  1.e-05
   1.e-05]
 [-0.e+00 -0.e+00 -0.e+00 -0.e+00 -0.e+00 -0.e+00 -0.e+00 -0.e+00 -0.e+00
  -0.e+00]
 [ 0.e+00  0.e+00  0.e+00  0.e+00  0.e+00  0.e+00  0.e+00  0.e+00  0.e+00
   0.e+00]
 [ 0.e+00  0.e+00  0.e+00  0.e+00  0.e+00  0.e+00  0.e+00  0.e+00  0.e+00
   0.e+00]
 [ 0.e+00  0.e+00  0.e+00  0.e+00  0.e+00  0.e+00  0.e+00  0.e+00  0.e+00
   0.e+00]
 [ 0.e+00  0.e+00  0.e+00  0.e+00  0.e+00  0.e+00  0.e+00  1.e-05  1.e-05
   1.e-05]
 [ 0.e+00  0.e+00  0.e+00  0.e+00  0.e+00  0.e+00  0.e+00  0.e+00  0.e+00
   0.e+00]
 [ 0.e+00  0.e+00  0.e+00  0.e+00  0.e+00  0.e+00  0.e+00  0.e+00  0.e+00
   0.e+00]
 [ 0.e+00  0.e+00  0.e+00  0.e+00  0.e+00  0.e+00  0.e+00  0.e+00  0.e+00
   0.e+00]
 [ 0.e+00  0.e+00  0.e+00  0.e+00  0.e+00  0.e+00  0.e+00  0.e+00  0.e+00
   0.e+00]
 [ 0.e+00  0.e+00  0.e+00  0.e+00  0.e+00  0.e+00  0.e+00  0.e+00  0.e+00
   0.e+00]
 [-2.e-05 -1.e-05 -0.e+00 -1.e-05 -1.e-05 -2.e-05 -0.e+00 -2.e-05 -2.e-05
  -2.e-05]
 [ 1.e-05  1.e-05  0.e+00  1.e-05  1.e-05  1.e-05  0.e+00  2.e-05  2.e-05
   2.e-05]
 [ 0.e+00  0.e+00  0.e+00  0.e+00  0.e+00  0.e+00  0.e+00  0.e+00  0.e+00
   0.e+00]
 [ 0.e+00  0.e+00  0.e+00  0.e+00  0.e+00  0.e+00  0.e+00  0.e+00  0.e+00
   0.e+00]
 [-2.e-05 -1.e-05 -0.e+00 -1.e-05 -1.e-05 -2.e-05 -0.e+00 -2.e-05 -2.e-05
  -2.e-05]
 [-2.e-05 -1.e-05 -0.e+00 -1.e-05 -1.e-05 -2.e-05 -0.e+00 -3.e-05 -3.e-05
  -3.e-05]
 [ 1.e-05  0.e+00  0.e+00  1.e-05  1.e-05  1.e-05  0.e+00  1.e-05  1.e-05
   1.e-05]
 [ 0.e+00  0.e+00  0.e+00  0.e+00  0.e+00  0.e+00  0.e+00  0.e+00  0.e+00
   0.e+00]
 [ 0.e+00  0.e+00  0.e+00  0.e+00  0.e+00  0.e+00  0.e+00  0.e+00  0.e+00
   0.e+00]
 [ 0.e+00  0.e+00  0.e+00  0.e+00  0.e+00  0.e+00  0.e+00  0.e+00  0.e+00
   0.e+00]]
weight_2
[[ 1.e-05  2.e-05  0.e+00  0.e+00  0.e+00  0.e+00  0.e+00  0.e+00  0.e+00
   0.e+00  0.e+00  1.e-05  0.e+00  0.e+00  4.e-05  0.e+00  1.e-05  5.e-05
   0.e+00  0.e+00  0.e+00]
 [-0.e+00 -0.e+00 -0.e+00 -0.e+00 -0.e+00 -0.e+00 -0.e+00 -0.e+00 -0.e+00
  -0.e+00 -0.e+00 -0.e+00 -0.e+00 -0.e+00 -0.e+00 -0.e+00 -0.e+00 -0.e+00
  -0.e+00 -0.e+00 -0.e+00]
 [ 0.e+00  1.e-05  0.e+00  0.e+00  0.e+00  0.e+00  0.e+00  0.e+00  0.e+00
   0.e+00  0.e+00  0.e+00  0.e+00  0.e+00  2.e-05  0.e+00  0.e+00  3.e-05
   0.e+00  0.e+00  0.e+00]
 [ 0.e+00  1.e-05  0.e+00  0.e+00  0.e+00  0.e+00  0.e+00  0.e+00  0.e+00
   0.e+00  0.e+00  0.e+00  0.e+00  0.e+00  2.e-05  0.e+00  0.e+00  3.e-05
   0.e+00  0.e+00  0.e+00]
 [ 0.e+00  0.e+00  0.e+00  0.e+00  0.e+00  0.e+00  0.e+00  0.e+00  0.e+00
   0.e+00  0.e+00  0.e+00  0.e+00  0.e+00  0.e+00  0.e+00  0.e+00  0.e+00
   0.e+00  0.e+00  0.e+00]
 [-0.e+00 -1.e-05 -0.e+00 -0.e+00 -0.e+00 -0.e+00 -0.e+00 -0.e+00 -0.e+00
  -0.e+00 -0.e+00 -0.e+00 -0.e+00 -0.e+00 -1.e-05 -0.e+00 -0.e+00 -2.e-05
  -0.e+00 -0.e+00 -0.e+00]
 [-0.e+00 -1.e-05 -0.e+00 -0.e+00 -0.e+00 -0.e+00 -0.e+00 -0.e+00 -0.e+00
  -0.e+00 -0.e+00 -0.e+00 -0.e+00 -0.e+00 -2.e-05 -0.e+00 -0.e+00 -2.e-05
  -0.e+00 -0.e+00 -0.e+00]
 [ 0.e+00  0.e+00  0.e+00  0.e+00  0.e+00  0.e+00  0.e+00  0.e+00  0.e+00
   0.e+00  0.e+00  0.e+00  0.e+00  0.e+00  1.e-05  0.e+00  0.e+00  1.e-05
   0.e+00  0.e+00  0.e+00]
 [-0.e+00 -1.e-05 -0.e+00 -0.e+00 -0.e+00 -0.e+00 -0.e+00 -0.e+00 -0.e+00
  -0.e+00 -0.e+00 -0.e+00 -0.e+00 -0.e+00 -2.e-05 -0.e+00 -0.e+00 -3.e-05
  -0.e+00 -0.e+00 -0.e+00]
 [ 0.e+00  0.e+00  0.e+00  0.e+00  0.e+00  0.e+00  0.e+00  0.e+00  0.e+00
   0.e+00  0.e+00  0.e+00  0.e+00  0.e+00  0.e+00  0.e+00  0.e+00  0.e+00
   0.e+00  0.e+00  0.e+00]
 [ 0.e+00  0.e+00  0.e+00  0.e+00  0.e+00  0.e+00  0.e+00  0.e+00  0.e+00
   0.e+00  0.e+00  0.e+00  0.e+00  0.e+00  1.e-05  0.e+00  0.e+00  1.e-05
   0.e+00  0.e+00  0.e+00]
 [ 0.e+00  0.e+00  0.e+00  0.e+00  0.e+00  0.e+00  0.e+00  0.e+00  0.e+00
   0.e+00  0.e+00  0.e+00  0.e+00  0.e+00  0.e+00  0.e+00  0.e+00  0.e+00
   0.e+00  0.e+00  0.e+00]
 [ 0.e+00  0.e+00  0.e+00  0.e+00  0.e+00  0.e+00  0.e+00  0.e+00  0.e+00
   0.e+00  0.e+00  0.e+00  0.e+00  0.e+00  0.e+00  0.e+00  0.e+00  0.e+00
   0.e+00  0.e+00  0.e+00]
 [ 0.e+00  0.e+00  0.e+00  0.e+00  0.e+00  0.e+00  0.e+00  0.e+00  0.e+00
   0.e+00  0.e+00  0.e+00  0.e+00  0.e+00  0.e+00  0.e+00  0.e+00  0.e+00
   0.e+00  0.e+00  0.e+00]
 [ 0.e+00  0.e+00  0.e+00  0.e+00  0.e+00  0.e+00  0.e+00  0.e+00  0.e+00
   0.e+00  0.e+00  0.e+00  0.e+00  0.e+00  0.e+00  0.e+00  0.e+00  0.e+00
   0.e+00  0.e+00  0.e+00]
 [-0.e+00 -0.e+00 -0.e+00 -0.e+00 -0.e+00 -0.e+00 -0.e+00 -0.e+00 -0.e+00
  -0.e+00 -0.e+00 -0.e+00 -0.e+00 -0.e+00 -1.e-05 -0.e+00 -0.e+00 -1.e-05
  -0.e+00 -0.e+00 -0.e+00]
 [ 0.e+00  0.e+00  0.e+00  0.e+00  0.e+00  0.e+00  0.e+00  0.e+00  0.e+00
   0.e+00  0.e+00  0.e+00  0.e+00  0.e+00  0.e+00  0.e+00  0.e+00  0.e+00
   0.e+00  0.e+00  0.e+00]
 [ 0.e+00  1.e-05  0.e+00  0.e+00  0.e+00  0.e+00  0.e+00  0.e+00  0.e+00
   0.e+00  0.e+00  0.e+00  0.e+00  0.e+00  1.e-05  0.e+00  0.e+00  2.e-05
   0.e+00  0.e+00  0.e+00]
 [-1.e-05 -1.e-05 -0.e+00 -0.e+00 -0.e+00 -0.e+00 -0.e+00 -0.e+00 -0.e+00
  -0.e+00 -0.e+00 -1.e-05 -0.e+00 -0.e+00 -3.e-05 -0.e+00 -1.e-05 -4.e-05
  -0.e+00 -0.e+00 -0.e+00]
 [-1.e-05 -2.e-05 -0.e+00 -0.e+00 -0.e+00 -0.e+00 -0.e+00 -0.e+00 -0.e+00
  -0.e+00 -0.e+00 -1.e-05 -1.e-05 -0.e+00 -5.e-05 -0.e+00 -1.e-05 -6.e-05
  -0.e+00 -0.e+00 -0.e+00]
 [ 0.e+00  0.e+00  0.e+00  0.e+00  0.e+00  0.e+00  0.e+00  0.e+00  0.e+00
   0.e+00  0.e+00  0.e+00  0.e+00  0.e+00  0.e+00  0.e+00  0.e+00  0.e+00
   0.e+00  0.e+00  0.e+00]]
weight_3
[[ 0.e+00  0.e+00  0.e+00  0.e+00  0.e+00  0.e+00  0.e+00  0.e+00  0.e+00
   0.e+00  0.e+00  0.e+00  0.e+00  0.e+00  0.e+00  0.e+00  0.e+00  0.e+00
   0.e+00  0.e+00  0.e+00]
 [ 0.e+00  0.e+00  0.e+00  0.e+00  0.e+00  0.e+00  0.e+00  0.e+00  0.e+00
   0.e+00  0.e+00  0.e+00  0.e+00  0.e+00  0.e+00  0.e+00  0.e+00  0.e+00
   0.e+00  0.e+00  0.e+00]
 [ 0.e+00  0.e+00  0.e+00  0.e+00  0.e+00  0.e+00  0.e+00  0.e+00  0.e+00
   0.e+00  0.e+00  0.e+00  0.e+00  0.e+00  0.e+00  0.e+00  0.e+00  0.e+00
   0.e+00  0.e+00  0.e+00]
 [ 2.e-05  4.e-05  2.e-05  2.e-05  0.e+00  2.e-05  2.e-05  3.e-05  1.e-05
   0.e+00  0.e+00  0.e+00  0.e+00  0.e+00  0.e+00  2.e-05  0.e+00  4.e-05
   0.e+00  1.e-05  0.e+00]
 [-3.e-05 -6.e-05 -3.e-05 -4.e-05 -0.e+00 -3.e-05 -4.e-05 -5.e-05 -2.e-05
  -0.e+00 -0.e+00 -0.e+00 -0.e+00 -0.e+00 -0.e+00 -2.e-05 -0.e+00 -6.e-05
  -1.e-05 -2.e-05 -0.e+00]
 [ 0.e+00  0.e+00  0.e+00  0.e+00  0.e+00  0.e+00  0.e+00  0.e+00  0.e+00
   0.e+00  0.e+00  0.e+00  0.e+00  0.e+00  0.e+00  0.e+00  0.e+00  0.e+00
   0.e+00  0.e+00  0.e+00]
 [ 0.e+00  0.e+00  0.e+00  0.e+00  0.e+00  0.e+00  0.e+00  0.e+00  0.e+00
   0.e+00  0.e+00  0.e+00  0.e+00  0.e+00  0.e+00  0.e+00  0.e+00  0.e+00
   0.e+00  0.e+00  0.e+00]
 [-2.e-05 -3.e-05 -2.e-05 -2.e-05 -0.e+00 -2.e-05 -2.e-05 -2.e-05 -1.e-05
  -0.e+00 -0.e+00 -0.e+00 -0.e+00 -0.e+00 -0.e+00 -1.e-05 -0.e+00 -3.e-05
  -0.e+00 -1.e-05 -0.e+00]
 [ 0.e+00  0.e+00  0.e+00  0.e+00  0.e+00  0.e+00  0.e+00  0.e+00  0.e+00
   0.e+00  0.e+00  0.e+00  0.e+00  0.e+00  0.e+00  0.e+00  0.e+00  0.e+00
   0.e+00  0.e+00  0.e+00]
 [ 0.e+00  0.e+00  0.e+00  0.e+00  0.e+00  0.e+00  0.e+00  0.e+00  0.e+00
   0.e+00  0.e+00  0.e+00  0.e+00  0.e+00  0.e+00  0.e+00  0.e+00  0.e+00
   0.e+00  0.e+00  0.e+00]
 [ 2.e-05  3.e-05  2.e-05  2.e-05  0.e+00  2.e-05  2.e-05  2.e-05  1.e-05
   0.e+00  0.e+00  0.e+00  0.e+00  0.e+00  0.e+00  1.e-05  0.e+00  3.e-05
   0.e+00  1.e-05  0.e+00]
 [ 0.e+00  0.e+00  0.e+00  0.e+00  0.e+00  0.e+00  0.e+00  0.e+00  0.e+00
   0.e+00  0.e+00  0.e+00  0.e+00  0.e+00  0.e+00  0.e+00  0.e+00  0.e+00
   0.e+00  0.e+00  0.e+00]
 [ 0.e+00  0.e+00  0.e+00  0.e+00  0.e+00  0.e+00  0.e+00  0.e+00  0.e+00
   0.e+00  0.e+00  0.e+00  0.e+00  0.e+00  0.e+00  0.e+00  0.e+00  0.e+00
   0.e+00  0.e+00  0.e+00]
 [ 1.e-05  1.e-05  1.e-05  1.e-05  0.e+00  1.e-05  1.e-05  1.e-05  0.e+00
   0.e+00  0.e+00  0.e+00  0.e+00  0.e+00  0.e+00  0.e+00  0.e+00  1.e-05
   0.e+00  0.e+00  0.e+00]
 [ 0.e+00  0.e+00  0.e+00  0.e+00  0.e+00  0.e+00  0.e+00  0.e+00  0.e+00
   0.e+00  0.e+00  0.e+00  0.e+00  0.e+00  0.e+00  0.e+00  0.e+00  0.e+00
   0.e+00  0.e+00  0.e+00]
 [ 2.e-05  4.e-05  2.e-05  3.e-05  0.e+00  2.e-05  3.e-05  3.e-05  2.e-05
   0.e+00  0.e+00  0.e+00  0.e+00  0.e+00  0.e+00  2.e-05  0.e+00  4.e-05
   0.e+00  1.e-05  0.e+00]
 [ 2.e-05  4.e-05  2.e-05  3.e-05  0.e+00  2.e-05  3.e-05  3.e-05  2.e-05
   0.e+00  0.e+00  0.e+00  0.e+00  0.e+00  0.e+00  2.e-05  0.e+00  4.e-05
   0.e+00  1.e-05  0.e+00]
 [ 0.e+00  0.e+00  0.e+00  0.e+00  0.e+00  0.e+00  0.e+00  0.e+00  0.e+00
   0.e+00  0.e+00  0.e+00  0.e+00  0.e+00  0.e+00  0.e+00  0.e+00  0.e+00
   0.e+00  0.e+00  0.e+00]
 [ 0.e+00  0.e+00  0.e+00  0.e+00  0.e+00  0.e+00  0.e+00  0.e+00  0.e+00
   0.e+00  0.e+00  0.e+00  0.e+00  0.e+00  0.e+00  0.e+00  0.e+00  0.e+00
   0.e+00  0.e+00  0.e+00]
 [-2.e-05 -4.e-05 -2.e-05 -3.e-05 -0.e+00 -2.e-05 -2.e-05 -3.e-05 -2.e-05
  -0.e+00 -0.e+00 -0.e+00 -0.e+00 -0.e+00 -0.e+00 -2.e-05 -0.e+00 -4.e-05
  -0.e+00 -1.e-05 -0.e+00]
 [ 0.e+00  0.e+00  0.e+00  0.e+00  0.e+00  0.e+00  0.e+00  0.e+00  0.e+00
   0.e+00  0.e+00  0.e+00  0.e+00  0.e+00  0.e+00  0.e+00  0.e+00  0.e+00
   0.e+00  0.e+00  0.e+00]]
weight_4
[[ 0.0e+00  0.0e+00  0.0e+00  6.0e-05  9.0e-05  0.0e+00  0.0e+00  6.0e-05
   0.0e+00  0.0e+00  1.3e-04  0.0e+00  0.0e+00  1.4e-04  0.0e+00  0.0e+00
   7.0e-05  0.0e+00  0.0e+00  1.0e-04  0.0e+00]
 [ 0.0e+00  0.0e+00  0.0e+00  0.0e+00  0.0e+00  0.0e+00  0.0e+00  0.0e+00
   0.0e+00  0.0e+00  0.0e+00  0.0e+00  0.0e+00  0.0e+00  0.0e+00  0.0e+00
   0.0e+00  0.0e+00  0.0e+00  0.0e+00  0.0e+00]
 [-0.0e+00 -0.0e+00 -0.0e+00 -7.0e-05 -1.0e-04 -0.0e+00 -0.0e+00 -6.0e-05
  -0.0e+00 -0.0e+00 -1.5e-04 -0.0e+00 -0.0e+00 -1.6e-04 -0.0e+00 -1.0e-05
  -8.0e-05 -0.0e+00 -0.0e+00 -1.1e-04 -0.0e+00]
 [ 0.0e+00  0.0e+00  0.0e+00  0.0e+00  0.0e+00  0.0e+00  0.0e+00  0.0e+00
   0.0e+00  0.0e+00  0.0e+00  0.0e+00  0.0e+00  0.0e+00  0.0e+00  0.0e+00
   0.0e+00  0.0e+00  0.0e+00  0.0e+00  0.0e+00]
 [-0.0e+00 -0.0e+00 -0.0e+00 -1.0e-05 -1.0e-05 -0.0e+00 -0.0e+00 -1.0e-05
  -0.0e+00 -0.0e+00 -2.0e-05 -0.0e+00 -0.0e+00 -2.0e-05 -0.0e+00 -0.0e+00
  -1.0e-05 -0.0e+00 -0.0e+00 -1.0e-05 -0.0e+00]
 [ 0.0e+00  0.0e+00  0.0e+00  3.0e-05  4.0e-05  0.0e+00  0.0e+00  2.0e-05
   0.0e+00  0.0e+00  5.0e-05  0.0e+00  0.0e+00  6.0e-05  0.0e+00  0.0e+00
   3.0e-05  0.0e+00  0.0e+00  4.0e-05  0.0e+00]
 [ 0.0e+00  0.0e+00  0.0e+00  4.0e-05  6.0e-05  0.0e+00  0.0e+00  4.0e-05
   0.0e+00  0.0e+00  9.0e-05  0.0e+00  0.0e+00  1.0e-04  0.0e+00  0.0e+00
   5.0e-05  0.0e+00  0.0e+00  7.0e-05  0.0e+00]
 [ 0.0e+00  0.0e+00  0.0e+00  0.0e+00  0.0e+00  0.0e+00  0.0e+00  0.0e+00
   0.0e+00  0.0e+00  0.0e+00  0.0e+00  0.0e+00  0.0e+00  0.0e+00  0.0e+00
   0.0e+00  0.0e+00  0.0e+00  0.0e+00  0.0e+00]
 [ 0.0e+00  0.0e+00  0.0e+00  0.0e+00  0.0e+00  0.0e+00  0.0e+00  0.0e+00
   0.0e+00  0.0e+00  0.0e+00  0.0e+00  0.0e+00  0.0e+00  0.0e+00  0.0e+00
   0.0e+00  0.0e+00  0.0e+00  0.0e+00  0.0e+00]
 [-0.0e+00 -0.0e+00 -0.0e+00 -1.0e-05 -1.0e-05 -0.0e+00 -0.0e+00 -1.0e-05
  -0.0e+00 -0.0e+00 -1.0e-05 -0.0e+00 -0.0e+00 -1.0e-05 -0.0e+00 -0.0e+00
  -1.0e-05 -0.0e+00 -0.0e+00 -1.0e-05 -0.0e+00]
 [-0.0e+00 -0.0e+00 -0.0e+00 -3.0e-05 -4.0e-05 -0.0e+00 -0.0e+00 -2.0e-05
  -0.0e+00 -0.0e+00 -5.0e-05 -0.0e+00 -0.0e+00 -6.0e-05 -0.0e+00 -0.0e+00
  -3.0e-05 -0.0e+00 -0.0e+00 -4.0e-05 -0.0e+00]
 [-0.0e+00 -0.0e+00 -0.0e+00 -2.0e-05 -3.0e-05 -0.0e+00 -0.0e+00 -2.0e-05
  -0.0e+00 -0.0e+00 -5.0e-05 -0.0e+00 -0.0e+00 -5.0e-05 -0.0e+00 -0.0e+00
  -3.0e-05 -0.0e+00 -0.0e+00 -4.0e-05 -0.0e+00]
 [ 0.0e+00  0.0e+00  0.0e+00  0.0e+00  1.0e-05  0.0e+00  0.0e+00  0.0e+00
   0.0e+00  0.0e+00  1.0e-05  0.0e+00  0.0e+00  1.0e-05  0.0e+00  0.0e+00
   0.0e+00  0.0e+00  0.0e+00  1.0e-05  0.0e+00]
 [ 0.0e+00  0.0e+00  0.0e+00  1.0e-05  1.0e-05  0.0e+00  0.0e+00  1.0e-05
   0.0e+00  0.0e+00  2.0e-05  0.0e+00  0.0e+00  2.0e-05  0.0e+00  0.0e+00
   1.0e-05  0.0e+00  0.0e+00  1.0e-05  0.0e+00]
 [ 0.0e+00  0.0e+00  0.0e+00  0.0e+00  0.0e+00  0.0e+00  0.0e+00  0.0e+00
   0.0e+00  0.0e+00  0.0e+00  0.0e+00  0.0e+00  0.0e+00  0.0e+00  0.0e+00
   0.0e+00  0.0e+00  0.0e+00  0.0e+00  0.0e+00]
 [ 0.0e+00  0.0e+00  0.0e+00  0.0e+00  0.0e+00  0.0e+00  0.0e+00  0.0e+00
   0.0e+00  0.0e+00  0.0e+00  0.0e+00  0.0e+00  0.0e+00  0.0e+00  0.0e+00
   0.0e+00  0.0e+00  0.0e+00  0.0e+00  0.0e+00]
 [ 0.0e+00  0.0e+00  0.0e+00  0.0e+00  0.0e+00  0.0e+00  0.0e+00  0.0e+00
   0.0e+00  0.0e+00  0.0e+00  0.0e+00  0.0e+00  0.0e+00  0.0e+00  0.0e+00
   0.0e+00  0.0e+00  0.0e+00  0.0e+00  0.0e+00]
 [ 0.0e+00  0.0e+00  0.0e+00  0.0e+00  0.0e+00  0.0e+00  0.0e+00  0.0e+00
   0.0e+00  0.0e+00  0.0e+00  0.0e+00  0.0e+00  0.0e+00  0.0e+00  0.0e+00
   0.0e+00  0.0e+00  0.0e+00  0.0e+00  0.0e+00]
 [-0.0e+00 -0.0e+00 -0.0e+00 -2.0e-05 -4.0e-05 -0.0e+00 -0.0e+00 -2.0e-05
  -0.0e+00 -0.0e+00 -5.0e-05 -0.0e+00 -0.0e+00 -6.0e-05 -0.0e+00 -0.0e+00
  -3.0e-05 -0.0e+00 -0.0e+00 -4.0e-05 -0.0e+00]
 [ 0.0e+00  0.0e+00  0.0e+00  0.0e+00  0.0e+00  0.0e+00  0.0e+00  0.0e+00
   0.0e+00  0.0e+00  0.0e+00  0.0e+00  0.0e+00  0.0e+00  0.0e+00  0.0e+00
   0.0e+00  0.0e+00  0.0e+00  0.0e+00  0.0e+00]
 [ 0.0e+00  0.0e+00  0.0e+00  0.0e+00  0.0e+00  0.0e+00  0.0e+00  0.0e+00
   0.0e+00  0.0e+00  0.0e+00  0.0e+00  0.0e+00  0.0e+00  0.0e+00  0.0e+00
   0.0e+00  0.0e+00  0.0e+00  0.0e+00  0.0e+00]]
weight_5
[[-1.0e-05 -0.0e+00 -0.0e+00 -0.0e+00 -0.0e+00 -1.0e-05 -3.0e-05 -0.0e+00
  -0.0e+00 -0.0e+00 -1.0e-05 -2.0e-05 -2.0e-05 -1.0e-05 -0.0e+00 -0.0e+00
  -1.0e-05 -1.0e-05 -2.0e-05 -0.0e+00 -0.0e+00]
 [ 0.0e+00  0.0e+00  0.0e+00  0.0e+00  0.0e+00  0.0e+00  0.0e+00  0.0e+00
   0.0e+00  0.0e+00  0.0e+00  0.0e+00  0.0e+00  0.0e+00  0.0e+00  0.0e+00
   0.0e+00  0.0e+00  0.0e+00  0.0e+00  0.0e+00]
 [ 0.0e+00  0.0e+00  0.0e+00  0.0e+00  0.0e+00  0.0e+00  0.0e+00  0.0e+00
   0.0e+00  0.0e+00  0.0e+00  0.0e+00  0.0e+00  0.0e+00  0.0e+00  0.0e+00
   0.0e+00  0.0e+00  0.0e+00  0.0e+00  0.0e+00]
 [-1.2e-04 -0.0e+00 -5.0e-05 -0.0e+00 -0.0e+00 -1.5e-04 -2.7e-04 -0.0e+00
  -0.0e+00 -1.0e-05 -8.0e-05 -2.1e-04 -1.9e-04 -1.2e-04 -0.0e+00 -0.0e+00
  -7.0e-05 -1.4e-04 -2.1e-04 -0.0e+00 -0.0e+00]
 [-9.0e-05 -0.0e+00 -3.0e-05 -0.0e+00 -0.0e+00 -1.1e-04 -2.0e-04 -0.0e+00
  -0.0e+00 -1.0e-05 -6.0e-05 -1.5e-04 -1.4e-04 -9.0e-05 -0.0e+00 -0.0e+00
  -5.0e-05 -1.0e-04 -1.6e-04 -0.0e+00 -0.0e+00]
 [-6.0e-05 -0.0e+00 -2.0e-05 -0.0e+00 -0.0e+00 -8.0e-05 -1.4e-04 -0.0e+00
  -0.0e+00 -1.0e-05 -4.0e-05 -1.1e-04 -1.0e-04 -6.0e-05 -0.0e+00 -0.0e+00
  -4.0e-05 -7.0e-05 -1.1e-04 -0.0e+00 -0.0e+00]
 [ 0.0e+00  0.0e+00  0.0e+00  0.0e+00  0.0e+00  0.0e+00  0.0e+00  0.0e+00
   0.0e+00  0.0e+00  0.0e+00  0.0e+00  0.0e+00  0.0e+00  0.0e+00  0.0e+00
   0.0e+00  0.0e+00  0.0e+00  0.0e+00  0.0e+00]
 [ 0.0e+00  0.0e+00  0.0e+00  0.0e+00  0.0e+00  0.0e+00  0.0e+00  0.0e+00
   0.0e+00  0.0e+00  0.0e+00  0.0e+00  0.0e+00  0.0e+00  0.0e+00  0.0e+00
   0.0e+00  0.0e+00  0.0e+00  0.0e+00  0.0e+00]
 [-8.0e-05 -0.0e+00 -3.0e-05 -0.0e+00 -0.0e+00 -1.0e-04 -1.8e-04 -0.0e+00
  -0.0e+00 -1.0e-05 -5.0e-05 -1.4e-04 -1.3e-04 -8.0e-05 -0.0e+00 -0.0e+00
  -5.0e-05 -9.0e-05 -1.4e-04 -0.0e+00 -0.0e+00]
 [ 5.0e-05  0.0e+00  2.0e-05  0.0e+00  0.0e+00  7.0e-05  1.2e-04  0.0e+00
   0.0e+00  1.0e-05  4.0e-05  9.0e-05  8.0e-05  5.0e-05  0.0e+00  0.0e+00
   3.0e-05  6.0e-05  9.0e-05  0.0e+00  0.0e+00]
 [ 0.0e+00  0.0e+00  0.0e+00  0.0e+00  0.0e+00  0.0e+00  0.0e+00  0.0e+00
   0.0e+00  0.0e+00  0.0e+00  0.0e+00  0.0e+00  0.0e+00  0.0e+00  0.0e+00
   0.0e+00  0.0e+00  0.0e+00  0.0e+00  0.0e+00]
 [ 1.4e-04  0.0e+00  6.0e-05  0.0e+00  0.0e+00  1.9e-04  3.3e-04  0.0e+00
   0.0e+00  2.0e-05  1.0e-04  2.5e-04  2.4e-04  1.4e-04  0.0e+00  0.0e+00
   9.0e-05  1.7e-04  2.6e-04  0.0e+00  0.0e+00]
 [-8.0e-05 -0.0e+00 -3.0e-05 -0.0e+00 -0.0e+00 -1.0e-04 -1.8e-04 -0.0e+00
  -0.0e+00 -1.0e-05 -6.0e-05 -1.4e-04 -1.3e-04 -8.0e-05 -0.0e+00 -0.0e+00
  -5.0e-05 -9.0e-05 -1.4e-04 -0.0e+00 -0.0e+00]
 [ 0.0e+00  0.0e+00  0.0e+00  0.0e+00  0.0e+00  0.0e+00  0.0e+00  0.0e+00
   0.0e+00  0.0e+00  0.0e+00  0.0e+00  0.0e+00  0.0e+00  0.0e+00  0.0e+00
   0.0e+00  0.0e+00  0.0e+00  0.0e+00  0.0e+00]
 [ 5.0e-05  0.0e+00  2.0e-05  0.0e+00  0.0e+00  7.0e-05  1.2e-04  0.0e+00
   0.0e+00  1.0e-05  4.0e-05  9.0e-05  8.0e-05  5.0e-05  0.0e+00  0.0e+00
   3.0e-05  6.0e-05  9.0e-05  0.0e+00  0.0e+00]
 [ 0.0e+00  0.0e+00  0.0e+00  0.0e+00  0.0e+00  0.0e+00  0.0e+00  0.0e+00
   0.0e+00  0.0e+00  0.0e+00  0.0e+00  0.0e+00  0.0e+00  0.0e+00  0.0e+00
   0.0e+00  0.0e+00  0.0e+00  0.0e+00  0.0e+00]
 [ 0.0e+00  0.0e+00  0.0e+00  0.0e+00  0.0e+00  0.0e+00  0.0e+00  0.0e+00
   0.0e+00  0.0e+00  0.0e+00  0.0e+00  0.0e+00  0.0e+00  0.0e+00  0.0e+00
   0.0e+00  0.0e+00  0.0e+00  0.0e+00  0.0e+00]
 [ 2.0e-05  0.0e+00  1.0e-05  0.0e+00  0.0e+00  2.0e-05  4.0e-05  0.0e+00
   0.0e+00  0.0e+00  1.0e-05  3.0e-05  3.0e-05  2.0e-05  0.0e+00  0.0e+00
   1.0e-05  2.0e-05  3.0e-05  0.0e+00  0.0e+00]
 [ 7.0e-05  0.0e+00  3.0e-05  0.0e+00  0.0e+00  9.0e-05  1.6e-04  0.0e+00
   0.0e+00  1.0e-05  5.0e-05  1.2e-04  1.2e-04  7.0e-05  0.0e+00  0.0e+00
   4.0e-05  8.0e-05  1.3e-04  0.0e+00  0.0e+00]
 [-2.0e-05 -0.0e+00 -1.0e-05 -0.0e+00 -0.0e+00 -3.0e-05 -5.0e-05 -0.0e+00
  -0.0e+00 -0.0e+00 -2.0e-05 -4.0e-05 -4.0e-05 -2.0e-05 -0.0e+00 -0.0e+00
  -1.0e-05 -3.0e-05 -4.0e-05 -0.0e+00 -0.0e+00]
 [ 0.0e+00  0.0e+00  0.0e+00  0.0e+00  0.0e+00  0.0e+00  0.0e+00  0.0e+00
   0.0e+00  0.0e+00  0.0e+00  0.0e+00  0.0e+00  0.0e+00  0.0e+00  0.0e+00
   0.0e+00  0.0e+00  0.0e+00  0.0e+00  0.0e+00]]
weight_6
[[ 0.0e+00  0.0e+00  0.0e+00  0.0e+00  0.0e+00  0.0e+00  0.0e+00  0.0e+00
   0.0e+00  0.0e+00  0.0e+00  0.0e+00  0.0e+00  0.0e+00  0.0e+00  0.0e+00
   0.0e+00  0.0e+00  0.0e+00  0.0e+00  0.0e+00]
 [ 0.0e+00  0.0e+00  0.0e+00  0.0e+00  0.0e+00  0.0e+00  0.0e+00  0.0e+00
   0.0e+00  0.0e+00  0.0e+00  0.0e+00  0.0e+00  0.0e+00  0.0e+00  0.0e+00
   0.0e+00  0.0e+00  0.0e+00  0.0e+00  0.0e+00]
 [ 0.0e+00  0.0e+00  0.0e+00  0.0e+00  0.0e+00  0.0e+00  0.0e+00  0.0e+00
   0.0e+00  0.0e+00  0.0e+00  0.0e+00  0.0e+00  0.0e+00  0.0e+00  0.0e+00
   0.0e+00  0.0e+00  0.0e+00  0.0e+00  0.0e+00]
 [ 4.0e-05  0.0e+00  0.0e+00  6.0e-05  5.0e-05  3.0e-04  0.0e+00  0.0e+00
   3.4e-04  2.4e-04  0.0e+00  3.0e-05  1.4e-04  0.0e+00  1.2e-04  0.0e+00
   0.0e+00  1.9e-04  2.5e-04  2.3e-04  0.0e+00]
 [ 0.0e+00  0.0e+00  0.0e+00  0.0e+00  0.0e+00  0.0e+00  0.0e+00  0.0e+00
   0.0e+00  0.0e+00  0.0e+00  0.0e+00  0.0e+00  0.0e+00  0.0e+00  0.0e+00
   0.0e+00  0.0e+00  0.0e+00  0.0e+00  0.0e+00]
 [ 8.0e-05  0.0e+00  0.0e+00  1.2e-04  1.0e-04  6.0e-04  0.0e+00  0.0e+00
   6.9e-04  4.9e-04  0.0e+00  7.0e-05  2.9e-04  0.0e+00  2.4e-04  0.0e+00
   0.0e+00  3.9e-04  5.1e-04  4.7e-04  0.0e+00]
 [-4.0e-05 -0.0e+00 -0.0e+00 -5.0e-05 -4.0e-05 -2.6e-04 -0.0e+00 -0.0e+00
  -3.0e-04 -2.1e-04 -0.0e+00 -3.0e-05 -1.2e-04 -0.0e+00 -1.0e-04 -0.0e+00
  -0.0e+00 -1.7e-04 -2.2e-04 -2.0e-04 -0.0e+00]
 [ 0.0e+00  0.0e+00  0.0e+00  0.0e+00  0.0e+00  0.0e+00  0.0e+00  0.0e+00
   0.0e+00  0.0e+00  0.0e+00  0.0e+00  0.0e+00  0.0e+00  0.0e+00  0.0e+00
   0.0e+00  0.0e+00  0.0e+00  0.0e+00  0.0e+00]
 [ 0.0e+00  0.0e+00  0.0e+00  0.0e+00  0.0e+00  0.0e+00  0.0e+00  0.0e+00
   0.0e+00  0.0e+00  0.0e+00  0.0e+00  0.0e+00  0.0e+00  0.0e+00  0.0e+00
   0.0e+00  0.0e+00  0.0e+00  0.0e+00  0.0e+00]
 [ 0.0e+00  0.0e+00  0.0e+00  0.0e+00  0.0e+00  0.0e+00  0.0e+00  0.0e+00
   0.0e+00  0.0e+00  0.0e+00  0.0e+00  0.0e+00  0.0e+00  0.0e+00  0.0e+00
   0.0e+00  0.0e+00  0.0e+00  0.0e+00  0.0e+00]
 [ 0.0e+00  0.0e+00  0.0e+00  0.0e+00  0.0e+00  0.0e+00  0.0e+00  0.0e+00
   0.0e+00  0.0e+00  0.0e+00  0.0e+00  0.0e+00  0.0e+00  0.0e+00  0.0e+00
   0.0e+00  0.0e+00  0.0e+00  0.0e+00  0.0e+00]
 [ 0.0e+00  0.0e+00  0.0e+00  0.0e+00  0.0e+00  0.0e+00  0.0e+00  0.0e+00
   0.0e+00  0.0e+00  0.0e+00  0.0e+00  0.0e+00  0.0e+00  0.0e+00  0.0e+00
   0.0e+00  0.0e+00  0.0e+00  0.0e+00  0.0e+00]
 [ 1.0e-05  0.0e+00  0.0e+00  2.0e-05  2.0e-05  9.0e-05  0.0e+00  0.0e+00
   1.1e-04  8.0e-05  0.0e+00  1.0e-05  5.0e-05  0.0e+00  4.0e-05  0.0e+00
   0.0e+00  6.0e-05  8.0e-05  7.0e-05  0.0e+00]
 [-0.0e+00 -0.0e+00 -0.0e+00 -0.0e+00 -0.0e+00 -1.0e-05 -0.0e+00 -0.0e+00
  -1.0e-05 -1.0e-05 -0.0e+00 -0.0e+00 -1.0e-05 -0.0e+00 -0.0e+00 -0.0e+00
  -0.0e+00 -1.0e-05 -1.0e-05 -1.0e-05 -0.0e+00]
 [ 0.0e+00  0.0e+00  0.0e+00  0.0e+00  0.0e+00  0.0e+00  0.0e+00  0.0e+00
   0.0e+00  0.0e+00  0.0e+00  0.0e+00  0.0e+00  0.0e+00  0.0e+00  0.0e+00
   0.0e+00  0.0e+00  0.0e+00  0.0e+00  0.0e+00]
 [-1.0e-05 -0.0e+00 -0.0e+00 -2.0e-05 -2.0e-05 -1.0e-04 -0.0e+00 -0.0e+00
  -1.2e-04 -8.0e-05 -0.0e+00 -1.0e-05 -5.0e-05 -0.0e+00 -4.0e-05 -0.0e+00
  -0.0e+00 -7.0e-05 -9.0e-05 -8.0e-05 -0.0e+00]
 [ 0.0e+00  0.0e+00  0.0e+00  0.0e+00  0.0e+00  0.0e+00  0.0e+00  0.0e+00
   0.0e+00  0.0e+00  0.0e+00  0.0e+00  0.0e+00  0.0e+00  0.0e+00  0.0e+00
   0.0e+00  0.0e+00  0.0e+00  0.0e+00  0.0e+00]
 [-1.0e-05 -0.0e+00 -0.0e+00 -1.0e-05 -1.0e-05 -4.0e-05 -0.0e+00 -0.0e+00
  -5.0e-05 -3.0e-05 -0.0e+00 -0.0e+00 -2.0e-05 -0.0e+00 -2.0e-05 -0.0e+00
  -0.0e+00 -3.0e-05 -3.0e-05 -3.0e-05 -0.0e+00]
 [-6.0e-05 -0.0e+00 -0.0e+00 -8.0e-05 -7.0e-05 -4.2e-04 -0.0e+00 -0.0e+00
  -4.9e-04 -3.4e-04 -0.0e+00 -5.0e-05 -2.0e-04 -0.0e+00 -1.7e-04 -0.0e+00
  -0.0e+00 -2.8e-04 -3.6e-04 -3.3e-04 -0.0e+00]
 [ 2.0e-05  0.0e+00  0.0e+00  2.0e-05  2.0e-05  1.1e-04  0.0e+00  0.0e+00
   1.3e-04  9.0e-05  0.0e+00  1.0e-05  5.0e-05  0.0e+00  4.0e-05  0.0e+00
   0.0e+00  7.0e-05  9.0e-05  9.0e-05  0.0e+00]
 [-0.0e+00 -0.0e+00 -0.0e+00 -0.0e+00 -0.0e+00 -2.0e-05 -0.0e+00 -0.0e+00
  -2.0e-05 -1.0e-05 -0.0e+00 -0.0e+00 -1.0e-05 -0.0e+00 -1.0e-05 -0.0e+00
  -0.0e+00 -1.0e-05 -2.0e-05 -1.0e-05 -0.0e+00]]
weight_7
[[ 0.0e+00  0.0e+00  0.0e+00  1.0e-05  0.0e+00  1.0e-05  1.0e-05  0.0e+00
   0.0e+00  0.0e+00  0.0e+00  0.0e+00  1.0e-05  4.0e-05  0.0e+00  2.0e-05
   0.0e+00  1.0e-05  5.0e-05  3.0e-05  4.0e-05]
 [ 0.0e+00  0.0e+00  0.0e+00  2.0e-05  0.0e+00  2.0e-05  1.0e-05  0.0e+00
   0.0e+00  0.0e+00  0.0e+00  0.0e+00  1.0e-05  5.0e-05  0.0e+00  3.0e-05
   0.0e+00  2.0e-05  7.0e-05  4.0e-05  5.0e-05]
 [ 0.0e+00  0.0e+00  0.0e+00  0.0e+00  0.0e+00  0.0e+00  0.0e+00  0.0e+00
   0.0e+00  0.0e+00  0.0e+00  0.0e+00  0.0e+00  0.0e+00  0.0e+00  0.0e+00
   0.0e+00  0.0e+00  0.0e+00  0.0e+00  0.0e+00]
 [-0.0e+00 -0.0e+00 -0.0e+00 -3.0e-05 -0.0e+00 -2.0e-05 -2.0e-05 -0.0e+00
  -0.0e+00 -0.0e+00 -0.0e+00 -0.0e+00 -1.0e-05 -7.0e-05 -0.0e+00 -3.0e-05
  -0.0e+00 -3.0e-05 -9.0e-05 -5.0e-05 -7.0e-05]
 [ 0.0e+00  0.0e+00  0.0e+00  0.0e+00  0.0e+00  0.0e+00  0.0e+00  0.0e+00
   0.0e+00  0.0e+00  0.0e+00  0.0e+00  0.0e+00  0.0e+00  0.0e+00  0.0e+00
   0.0e+00  0.0e+00  0.0e+00  0.0e+00  0.0e+00]
 [ 0.0e+00  0.0e+00  0.0e+00  2.0e-05  0.0e+00  1.0e-05  1.0e-05  0.0e+00
   0.0e+00  0.0e+00  0.0e+00  0.0e+00  1.0e-05  4.0e-05  0.0e+00  2.0e-05
   0.0e+00  2.0e-05  5.0e-05  3.0e-05  4.0e-05]
 [-0.0e+00 -0.0e+00 -0.0e+00 -4.0e-05 -0.0e+00 -3.0e-05 -3.0e-05 -0.0e+00
  -0.0e+00 -0.0e+00 -0.0e+00 -0.0e+00 -2.0e-05 -1.1e-04 -0.0e+00 -6.0e-05
  -0.0e+00 -4.0e-05 -1.4e-04 -7.0e-05 -1.0e-04]
 [-0.0e+00 -0.0e+00 -0.0e+00 -1.7e-04 -0.0e+00 -1.2e-04 -1.0e-04 -0.0e+00
  -0.0e+00 -0.0e+00 -0.0e+00 -0.0e+00 -8.0e-05 -4.5e-04 -0.0e+00 -2.2e-04
  -0.0e+00 -1.7e-04 -5.8e-04 -2.9e-04 -4.2e-04]
 [ 0.0e+00  0.0e+00  0.0e+00  0.0e+00  0.0e+00  0.0e+00  0.0e+00  0.0e+00
   0.0e+00  0.0e+00  0.0e+00  0.0e+00  0.0e+00  0.0e+00  0.0e+00  0.0e+00
   0.0e+00  0.0e+00  0.0e+00  0.0e+00  0.0e+00]
 [-0.0e+00 -0.0e+00 -0.0e+00 -2.1e-04 -0.0e+00 -1.5e-04 -1.3e-04 -0.0e+00
  -0.0e+00 -0.0e+00 -0.0e+00 -0.0e+00 -1.0e-04 -5.6e-04 -0.0e+00 -2.8e-04
  -0.0e+00 -2.1e-04 -7.3e-04 -3.6e-04 -5.2e-04]
 [ 0.0e+00  0.0e+00  0.0e+00  9.0e-05  0.0e+00  7.0e-05  6.0e-05  0.0e+00
   0.0e+00  0.0e+00  0.0e+00  0.0e+00  5.0e-05  2.5e-04  0.0e+00  1.3e-04
   0.0e+00  9.0e-05  3.3e-04  1.6e-04  2.3e-04]
 [ 0.0e+00  0.0e+00  0.0e+00  0.0e+00  0.0e+00  0.0e+00  0.0e+00  0.0e+00
   0.0e+00  0.0e+00  0.0e+00  0.0e+00  0.0e+00  0.0e+00  0.0e+00  0.0e+00
   0.0e+00  0.0e+00  0.0e+00  0.0e+00  0.0e+00]
 [ 0.0e+00  0.0e+00  0.0e+00  0.0e+00  0.0e+00  0.0e+00  0.0e+00  0.0e+00
   0.0e+00  0.0e+00  0.0e+00  0.0e+00  0.0e+00  0.0e+00  0.0e+00  0.0e+00
   0.0e+00  0.0e+00  0.0e+00  0.0e+00  0.0e+00]
 [-0.0e+00 -0.0e+00 -0.0e+00 -2.0e-05 -0.0e+00 -1.0e-05 -1.0e-05 -0.0e+00
  -0.0e+00 -0.0e+00 -0.0e+00 -0.0e+00 -1.0e-05 -5.0e-05 -0.0e+00 -2.0e-05
  -0.0e+00 -2.0e-05 -6.0e-05 -3.0e-05 -4.0e-05]
 [ 0.0e+00  0.0e+00  0.0e+00  0.0e+00  0.0e+00  0.0e+00  0.0e+00  0.0e+00
   0.0e+00  0.0e+00  0.0e+00  0.0e+00  0.0e+00  0.0e+00  0.0e+00  0.0e+00
   0.0e+00  0.0e+00  0.0e+00  0.0e+00  0.0e+00]
 [ 0.0e+00  0.0e+00  0.0e+00  0.0e+00  0.0e+00  0.0e+00  0.0e+00  0.0e+00
   0.0e+00  0.0e+00  0.0e+00  0.0e+00  0.0e+00  0.0e+00  0.0e+00  0.0e+00
   0.0e+00  0.0e+00  0.0e+00  0.0e+00  0.0e+00]
 [-0.0e+00 -0.0e+00 -0.0e+00 -1.1e-04 -0.0e+00 -8.0e-05 -7.0e-05 -0.0e+00
  -0.0e+00 -0.0e+00 -0.0e+00 -0.0e+00 -5.0e-05 -2.8e-04 -0.0e+00 -1.4e-04
  -0.0e+00 -1.1e-04 -3.7e-04 -1.8e-04 -2.7e-04]
 [-0.0e+00 -0.0e+00 -0.0e+00 -1.6e-04 -0.0e+00 -1.2e-04 -1.0e-04 -0.0e+00
  -0.0e+00 -0.0e+00 -0.0e+00 -0.0e+00 -8.0e-05 -4.2e-04 -0.0e+00 -2.1e-04
  -0.0e+00 -1.6e-04 -5.5e-04 -2.7e-04 -4.0e-04]
 [ 0.0e+00  0.0e+00  0.0e+00  1.4e-04  0.0e+00  1.0e-04  9.0e-05  0.0e+00
   0.0e+00  0.0e+00  0.0e+00  0.0e+00  7.0e-05  3.8e-04  0.0e+00  1.9e-04
   0.0e+00  1.4e-04  4.9e-04  2.4e-04  3.5e-04]
 [ 0.0e+00  0.0e+00  0.0e+00  0.0e+00  0.0e+00  0.0e+00  0.0e+00  0.0e+00
   0.0e+00  0.0e+00  0.0e+00  0.0e+00  0.0e+00  0.0e+00  0.0e+00  0.0e+00
   0.0e+00  0.0e+00  0.0e+00  0.0e+00  0.0e+00]
 [ 0.0e+00  0.0e+00  0.0e+00  0.0e+00  0.0e+00  0.0e+00  0.0e+00  0.0e+00
   0.0e+00  0.0e+00  0.0e+00  0.0e+00  0.0e+00  0.0e+00  0.0e+00  0.0e+00
   0.0e+00  0.0e+00  0.0e+00  0.0e+00  0.0e+00]]
weight_8
[[ 0.00e+00  0.00e+00  0.00e+00  0.00e+00  0.00e+00  0.00e+00  0.00e+00
   0.00e+00  0.00e+00  0.00e+00  0.00e+00  0.00e+00  0.00e+00  0.00e+00
   0.00e+00  0.00e+00  0.00e+00  0.00e+00  0.00e+00  0.00e+00  0.00e+00]
 [ 0.00e+00  0.00e+00  0.00e+00  0.00e+00  0.00e+00  0.00e+00  0.00e+00
   0.00e+00  0.00e+00  0.00e+00  0.00e+00  0.00e+00  0.00e+00  0.00e+00
   0.00e+00  0.00e+00  0.00e+00  0.00e+00  0.00e+00  0.00e+00  0.00e+00]
 [ 0.00e+00  0.00e+00  0.00e+00  0.00e+00  0.00e+00  0.00e+00  0.00e+00
   0.00e+00  0.00e+00  0.00e+00  0.00e+00  0.00e+00  0.00e+00  0.00e+00
   0.00e+00  0.00e+00  0.00e+00  0.00e+00  0.00e+00  0.00e+00  0.00e+00]
 [-1.33e-03 -3.50e-04 -0.00e+00 -8.80e-04 -0.00e+00 -9.20e-04 -4.80e-04
  -1.00e-03 -0.00e+00 -5.60e-04 -1.01e-03 -0.00e+00 -0.00e+00 -4.60e-04
  -0.00e+00 -0.00e+00 -5.00e-05 -1.13e-03 -1.09e-03 -0.00e+00 -0.00e+00]
 [-1.50e-04 -4.00e-05 -0.00e+00 -1.00e-04 -0.00e+00 -1.00e-04 -5.00e-05
  -1.10e-04 -0.00e+00 -6.00e-05 -1.10e-04 -0.00e+00 -0.00e+00 -5.00e-05
  -0.00e+00 -0.00e+00 -1.00e-05 -1.30e-04 -1.20e-04 -0.00e+00 -0.00e+00]
 [-1.91e-03 -5.00e-04 -0.00e+00 -1.27e-03 -0.00e+00 -1.32e-03 -6.90e-04
  -1.44e-03 -0.00e+00 -8.10e-04 -1.46e-03 -0.00e+00 -0.00e+00 -6.60e-04
  -0.00e+00 -0.00e+00 -8.00e-05 -1.63e-03 -1.57e-03 -0.00e+00 -0.00e+00]
 [-5.10e-03 -1.33e-03 -0.00e+00 -3.39e-03 -0.00e+00 -3.53e-03 -1.85e-03
  -3.84e-03 -0.00e+00 -2.16e-03 -3.89e-03 -0.00e+00 -0.00e+00 -1.76e-03
  -0.00e+00 -0.00e+00 -2.00e-04 -4.36e-03 -4.19e-03 -0.00e+00 -0.00e+00]
 [ 0.00e+00  0.00e+00  0.00e+00  0.00e+00  0.00e+00  0.00e+00  0.00e+00
   0.00e+00  0.00e+00  0.00e+00  0.00e+00  0.00e+00  0.00e+00  0.00e+00
   0.00e+00  0.00e+00  0.00e+00  0.00e+00  0.00e+00  0.00e+00  0.00e+00]
 [ 0.00e+00  0.00e+00  0.00e+00  0.00e+00  0.00e+00  0.00e+00  0.00e+00
   0.00e+00  0.00e+00  0.00e+00  0.00e+00  0.00e+00  0.00e+00  0.00e+00
   0.00e+00  0.00e+00  0.00e+00  0.00e+00  0.00e+00  0.00e+00  0.00e+00]
 [ 0.00e+00  0.00e+00  0.00e+00  0.00e+00  0.00e+00  0.00e+00  0.00e+00
   0.00e+00  0.00e+00  0.00e+00  0.00e+00  0.00e+00  0.00e+00  0.00e+00
   0.00e+00  0.00e+00  0.00e+00  0.00e+00  0.00e+00  0.00e+00  0.00e+00]
 [ 0.00e+00  0.00e+00  0.00e+00  0.00e+00  0.00e+00  0.00e+00  0.00e+00
   0.00e+00  0.00e+00  0.00e+00  0.00e+00  0.00e+00  0.00e+00  0.00e+00
   0.00e+00  0.00e+00  0.00e+00  0.00e+00  0.00e+00  0.00e+00  0.00e+00]
 [ 0.00e+00  0.00e+00  0.00e+00  0.00e+00  0.00e+00  0.00e+00  0.00e+00
   0.00e+00  0.00e+00  0.00e+00  0.00e+00  0.00e+00  0.00e+00  0.00e+00
   0.00e+00  0.00e+00  0.00e+00  0.00e+00  0.00e+00  0.00e+00  0.00e+00]
 [ 0.00e+00  0.00e+00  0.00e+00  0.00e+00  0.00e+00  0.00e+00  0.00e+00
   0.00e+00  0.00e+00  0.00e+00  0.00e+00  0.00e+00  0.00e+00  0.00e+00
   0.00e+00  0.00e+00  0.00e+00  0.00e+00  0.00e+00  0.00e+00  0.00e+00]
 [-1.91e-03 -5.00e-04 -0.00e+00 -1.27e-03 -0.00e+00 -1.32e-03 -6.90e-04
  -1.44e-03 -0.00e+00 -8.10e-04 -1.45e-03 -0.00e+00 -0.00e+00 -6.60e-04
  -0.00e+00 -0.00e+00 -8.00e-05 -1.63e-03 -1.57e-03 -0.00e+00 -0.00e+00]
 [ 5.40e-04  1.40e-04  0.00e+00  3.60e-04  0.00e+00  3.70e-04  1.90e-04
   4.10e-04  0.00e+00  2.30e-04  4.10e-04  0.00e+00  0.00e+00  1.90e-04
   0.00e+00  0.00e+00  2.00e-05  4.60e-04  4.40e-04  0.00e+00  0.00e+00]
 [ 3.72e-03  9.70e-04  0.00e+00  2.47e-03  0.00e+00  2.58e-03  1.35e-03
   2.80e-03  0.00e+00  1.57e-03  2.83e-03  0.00e+00  0.00e+00  1.28e-03
   0.00e+00  0.00e+00  1.50e-04  3.18e-03  3.06e-03  0.00e+00  0.00e+00]
 [ 0.00e+00  0.00e+00  0.00e+00  0.00e+00  0.00e+00  0.00e+00  0.00e+00
   0.00e+00  0.00e+00  0.00e+00  0.00e+00  0.00e+00  0.00e+00  0.00e+00
   0.00e+00  0.00e+00  0.00e+00  0.00e+00  0.00e+00  0.00e+00  0.00e+00]
 [ 0.00e+00  0.00e+00  0.00e+00  0.00e+00  0.00e+00  0.00e+00  0.00e+00
   0.00e+00  0.00e+00  0.00e+00  0.00e+00  0.00e+00  0.00e+00  0.00e+00
   0.00e+00  0.00e+00  0.00e+00  0.00e+00  0.00e+00  0.00e+00  0.00e+00]
 [ 1.63e-03  4.20e-04  0.00e+00  1.08e-03  0.00e+00  1.13e-03  5.90e-04
   1.23e-03  0.00e+00  6.90e-04  1.24e-03  0.00e+00  0.00e+00  5.60e-04
   0.00e+00  0.00e+00  6.00e-05  1.39e-03  1.34e-03  0.00e+00  0.00e+00]
 [ 1.60e-04  4.00e-05  0.00e+00  1.00e-04  0.00e+00  1.10e-04  6.00e-05
   1.20e-04  0.00e+00  7.00e-05  1.20e-04  0.00e+00  0.00e+00  5.00e-05
   0.00e+00  0.00e+00  1.00e-05  1.30e-04  1.30e-04  0.00e+00  0.00e+00]
 [ 0.00e+00  0.00e+00  0.00e+00  0.00e+00  0.00e+00  0.00e+00  0.00e+00
   0.00e+00  0.00e+00  0.00e+00  0.00e+00  0.00e+00  0.00e+00  0.00e+00
   0.00e+00  0.00e+00  0.00e+00  0.00e+00  0.00e+00  0.00e+00  0.00e+00]]
weight_9
[[ 0.000e+00  0.000e+00  0.000e+00  0.000e+00  0.000e+00  0.000e+00
   0.000e+00  0.000e+00  0.000e+00  0.000e+00  0.000e+00  0.000e+00
   0.000e+00  0.000e+00  0.000e+00  0.000e+00  0.000e+00  0.000e+00
   0.000e+00  0.000e+00  0.000e+00]
 [-0.000e+00 -0.000e+00 -0.000e+00 -1.110e-03 -3.680e-03 -5.700e-03
  -2.530e-03 -0.000e+00 -0.000e+00 -0.000e+00 -0.000e+00 -0.000e+00
  -0.000e+00 -2.010e-03 -5.750e-03 -3.240e-03 -0.000e+00 -0.000e+00
  -4.510e-03 -1.000e-04 -0.000e+00]
 [ 0.000e+00  0.000e+00  0.000e+00  0.000e+00  0.000e+00  0.000e+00
   0.000e+00  0.000e+00  0.000e+00  0.000e+00  0.000e+00  0.000e+00
   0.000e+00  0.000e+00  0.000e+00  0.000e+00  0.000e+00  0.000e+00
   0.000e+00  0.000e+00  0.000e+00]
 [ 0.000e+00  0.000e+00  0.000e+00  0.000e+00  0.000e+00  0.000e+00
   0.000e+00  0.000e+00  0.000e+00  0.000e+00  0.000e+00  0.000e+00
   0.000e+00  0.000e+00  0.000e+00  0.000e+00  0.000e+00  0.000e+00
   0.000e+00  0.000e+00  0.000e+00]
 [ 0.000e+00  0.000e+00  0.000e+00  3.510e-03  1.165e-02  1.805e-02
   8.000e-03  0.000e+00  0.000e+00  0.000e+00  0.000e+00  0.000e+00
   0.000e+00  6.370e-03  1.821e-02  1.026e-02  0.000e+00  0.000e+00
   1.428e-02  3.100e-04  0.000e+00]
 [-0.000e+00 -0.000e+00 -0.000e+00 -5.000e-05 -1.500e-04 -2.300e-04
  -1.000e-04 -0.000e+00 -0.000e+00 -0.000e+00 -0.000e+00 -0.000e+00
  -0.000e+00 -8.000e-05 -2.400e-04 -1.300e-04 -0.000e+00 -0.000e+00
  -1.900e-04 -0.000e+00 -0.000e+00]
 [ 0.000e+00  0.000e+00  0.000e+00  9.000e-05  2.900e-04  4.600e-04
   2.000e-04  0.000e+00  0.000e+00  0.000e+00  0.000e+00  0.000e+00
   0.000e+00  1.600e-04  4.600e-04  2.600e-04  0.000e+00  0.000e+00
   3.600e-04  1.000e-05  0.000e+00]
 [ 0.000e+00  0.000e+00  0.000e+00  0.000e+00  0.000e+00  0.000e+00
   0.000e+00  0.000e+00  0.000e+00  0.000e+00  0.000e+00  0.000e+00
   0.000e+00  0.000e+00  0.000e+00  0.000e+00  0.000e+00  0.000e+00
   0.000e+00  0.000e+00  0.000e+00]
 [ 0.000e+00  0.000e+00  0.000e+00  6.100e-04  2.030e-03  3.150e-03
   1.400e-03  0.000e+00  0.000e+00  0.000e+00  0.000e+00  0.000e+00
   0.000e+00  1.110e-03  3.180e-03  1.790e-03  0.000e+00  0.000e+00
   2.490e-03  5.000e-05  0.000e+00]
 [ 0.000e+00  0.000e+00  0.000e+00  0.000e+00  0.000e+00  0.000e+00
   0.000e+00  0.000e+00  0.000e+00  0.000e+00  0.000e+00  0.000e+00
   0.000e+00  0.000e+00  0.000e+00  0.000e+00  0.000e+00  0.000e+00
   0.000e+00  0.000e+00  0.000e+00]
 [ 0.000e+00  0.000e+00  0.000e+00  0.000e+00  0.000e+00  0.000e+00
   0.000e+00  0.000e+00  0.000e+00  0.000e+00  0.000e+00  0.000e+00
   0.000e+00  0.000e+00  0.000e+00  0.000e+00  0.000e+00  0.000e+00
   0.000e+00  0.000e+00  0.000e+00]
 [-0.000e+00 -0.000e+00 -0.000e+00 -1.200e-04 -4.000e-04 -6.200e-04
  -2.700e-04 -0.000e+00 -0.000e+00 -0.000e+00 -0.000e+00 -0.000e+00
  -0.000e+00 -2.200e-04 -6.200e-04 -3.500e-04 -0.000e+00 -0.000e+00
  -4.900e-04 -1.000e-05 -0.000e+00]
 [ 0.000e+00  0.000e+00  0.000e+00  8.000e-05  2.700e-04  4.200e-04
   1.900e-04  0.000e+00  0.000e+00  0.000e+00  0.000e+00  0.000e+00
   0.000e+00  1.500e-04  4.300e-04  2.400e-04  0.000e+00  0.000e+00
   3.400e-04  1.000e-05  0.000e+00]
 [ 0.000e+00  0.000e+00  0.000e+00  6.400e-04  2.120e-03  3.290e-03
   1.460e-03  0.000e+00  0.000e+00  0.000e+00  0.000e+00  0.000e+00
   0.000e+00  1.160e-03  3.320e-03  1.870e-03  0.000e+00  0.000e+00
   2.600e-03  6.000e-05  0.000e+00]
 [ 0.000e+00  0.000e+00  0.000e+00  0.000e+00  0.000e+00  0.000e+00
   0.000e+00  0.000e+00  0.000e+00  0.000e+00  0.000e+00  0.000e+00
   0.000e+00  0.000e+00  0.000e+00  0.000e+00  0.000e+00  0.000e+00
   0.000e+00  0.000e+00  0.000e+00]
 [ 0.000e+00  0.000e+00  0.000e+00  0.000e+00  0.000e+00  0.000e+00
   0.000e+00  0.000e+00  0.000e+00  0.000e+00  0.000e+00  0.000e+00
   0.000e+00  0.000e+00  0.000e+00  0.000e+00  0.000e+00  0.000e+00
   0.000e+00  0.000e+00  0.000e+00]
 [ 0.000e+00  0.000e+00  0.000e+00  0.000e+00  0.000e+00  0.000e+00
   0.000e+00  0.000e+00  0.000e+00  0.000e+00  0.000e+00  0.000e+00
   0.000e+00  0.000e+00  0.000e+00  0.000e+00  0.000e+00  0.000e+00
   0.000e+00  0.000e+00  0.000e+00]
 [-0.000e+00 -0.000e+00 -0.000e+00 -3.000e-04 -1.010e-03 -1.560e-03
  -6.900e-04 -0.000e+00 -0.000e+00 -0.000e+00 -0.000e+00 -0.000e+00
  -0.000e+00 -5.500e-04 -1.580e-03 -8.900e-04 -0.000e+00 -0.000e+00
  -1.240e-03 -3.000e-05 -0.000e+00]
 [ 0.000e+00  0.000e+00  0.000e+00  2.000e-03  6.640e-03  1.029e-02
   4.560e-03  0.000e+00  0.000e+00  0.000e+00  0.000e+00  0.000e+00
   0.000e+00  3.630e-03  1.038e-02  5.850e-03  0.000e+00  0.000e+00
   8.140e-03  1.800e-04  0.000e+00]
 [ 0.000e+00  0.000e+00  0.000e+00  0.000e+00  0.000e+00  0.000e+00
   0.000e+00  0.000e+00  0.000e+00  0.000e+00  0.000e+00  0.000e+00
   0.000e+00  0.000e+00  0.000e+00  0.000e+00  0.000e+00  0.000e+00
   0.000e+00  0.000e+00  0.000e+00]
 [ 0.000e+00  0.000e+00  0.000e+00  0.000e+00  0.000e+00  0.000e+00
   0.000e+00  0.000e+00  0.000e+00  0.000e+00  0.000e+00  0.000e+00
   0.000e+00  0.000e+00  0.000e+00  0.000e+00  0.000e+00  0.000e+00
   0.000e+00  0.000e+00  0.000e+00]]
weight_10
[[-0.000e+00 -1.260e-03 -0.000e+00 -0.000e+00 -1.300e-03 -3.000e-05
  -6.300e-04 -0.000e+00 -1.500e-03 -0.000e+00 -0.000e+00 -6.500e-04
  -0.000e+00 -3.900e-04 -0.000e+00 -0.000e+00 -0.000e+00 -2.250e-03
  -1.440e-03 -0.000e+00 -0.000e+00]
 [ 0.000e+00  0.000e+00  0.000e+00  0.000e+00  0.000e+00  0.000e+00
   0.000e+00  0.000e+00  0.000e+00  0.000e+00  0.000e+00  0.000e+00
   0.000e+00  0.000e+00  0.000e+00  0.000e+00  0.000e+00  0.000e+00
   0.000e+00  0.000e+00  0.000e+00]
 [ 0.000e+00  0.000e+00  0.000e+00  0.000e+00  0.000e+00  0.000e+00
   0.000e+00  0.000e+00  0.000e+00  0.000e+00  0.000e+00  0.000e+00
   0.000e+00  0.000e+00  0.000e+00  0.000e+00  0.000e+00  0.000e+00
   0.000e+00  0.000e+00  0.000e+00]
 [-0.000e+00 -8.270e-03 -0.000e+00 -0.000e+00 -8.570e-03 -1.700e-04
  -4.130e-03 -0.000e+00 -9.850e-03 -0.000e+00 -0.000e+00 -4.260e-03
  -1.000e-05 -2.560e-03 -0.000e+00 -0.000e+00 -0.000e+00 -1.476e-02
  -9.470e-03 -0.000e+00 -0.000e+00]
 [ 0.000e+00  1.919e-02  0.000e+00  0.000e+00  1.988e-02  3.900e-04
   9.580e-03  0.000e+00  2.285e-02  0.000e+00  0.000e+00  9.880e-03
   2.000e-05  5.950e-03  0.000e+00  0.000e+00  0.000e+00  3.424e-02
   2.198e-02  0.000e+00  0.000e+00]
 [-0.000e+00 -5.230e-03 -0.000e+00 -0.000e+00 -5.420e-03 -1.100e-04
  -2.610e-03 -0.000e+00 -6.230e-03 -0.000e+00 -0.000e+00 -2.690e-03
  -1.000e-05 -1.620e-03 -0.000e+00 -0.000e+00 -0.000e+00 -9.330e-03
  -5.990e-03 -0.000e+00 -0.000e+00]
 [ 0.000e+00  3.470e-03  0.000e+00  0.000e+00  3.590e-03  7.000e-05
   1.730e-03  0.000e+00  4.130e-03  0.000e+00  0.000e+00  1.780e-03
   0.000e+00  1.070e-03  0.000e+00  0.000e+00  0.000e+00  6.180e-03
   3.970e-03  0.000e+00  0.000e+00]
 [ 0.000e+00  1.682e-02  0.000e+00  0.000e+00  1.742e-02  3.400e-04
   8.400e-03  0.000e+00  2.002e-02  0.000e+00  0.000e+00  8.660e-03
   2.000e-05  5.210e-03  0.000e+00  0.000e+00  0.000e+00  3.000e-02
   1.926e-02  0.000e+00  0.000e+00]
 [ 0.000e+00  4.500e-03  0.000e+00  0.000e+00  4.660e-03  9.000e-05
   2.250e-03  0.000e+00  5.360e-03  0.000e+00  0.000e+00  2.320e-03
   1.000e-05  1.400e-03  0.000e+00  0.000e+00  0.000e+00  8.030e-03
   5.160e-03  0.000e+00  0.000e+00]
 [ 0.000e+00  1.921e-02  0.000e+00  0.000e+00  1.990e-02  3.900e-04
   9.590e-03  0.000e+00  2.287e-02  0.000e+00  0.000e+00  9.890e-03
   2.000e-05  5.950e-03  0.000e+00  0.000e+00  0.000e+00  3.427e-02
   2.200e-02  0.000e+00  0.000e+00]
 [ 0.000e+00  0.000e+00  0.000e+00  0.000e+00  0.000e+00  0.000e+00
   0.000e+00  0.000e+00  0.000e+00  0.000e+00  0.000e+00  0.000e+00
   0.000e+00  0.000e+00  0.000e+00  0.000e+00  0.000e+00  0.000e+00
   0.000e+00  0.000e+00  0.000e+00]
 [-0.000e+00 -8.550e-03 -0.000e+00 -0.000e+00 -8.850e-03 -1.700e-04
  -4.270e-03 -0.000e+00 -1.018e-02 -0.000e+00 -0.000e+00 -4.400e-03
  -1.000e-05 -2.650e-03 -0.000e+00 -0.000e+00 -0.000e+00 -1.525e-02
  -9.790e-03 -0.000e+00 -0.000e+00]
 [ 0.000e+00  0.000e+00  0.000e+00  0.000e+00  0.000e+00  0.000e+00
   0.000e+00  0.000e+00  0.000e+00  0.000e+00  0.000e+00  0.000e+00
   0.000e+00  0.000e+00  0.000e+00  0.000e+00  0.000e+00  0.000e+00
   0.000e+00  0.000e+00  0.000e+00]
 [ 0.000e+00  0.000e+00  0.000e+00  0.000e+00  0.000e+00  0.000e+00
   0.000e+00  0.000e+00  0.000e+00  0.000e+00  0.000e+00  0.000e+00
   0.000e+00  0.000e+00  0.000e+00  0.000e+00  0.000e+00  0.000e+00
   0.000e+00  0.000e+00  0.000e+00]
 [ 0.000e+00  0.000e+00  0.000e+00  0.000e+00  0.000e+00  0.000e+00
   0.000e+00  0.000e+00  0.000e+00  0.000e+00  0.000e+00  0.000e+00
   0.000e+00  0.000e+00  0.000e+00  0.000e+00  0.000e+00  0.000e+00
   0.000e+00  0.000e+00  0.000e+00]
 [-0.000e+00 -1.694e-02 -0.000e+00 -0.000e+00 -1.755e-02 -3.400e-04
  -8.460e-03 -0.000e+00 -2.017e-02 -0.000e+00 -0.000e+00 -8.720e-03
  -2.000e-05 -5.250e-03 -0.000e+00 -0.000e+00 -0.000e+00 -3.022e-02
  -1.940e-02 -0.000e+00 -0.000e+00]
 [-0.000e+00 -4.190e-03 -0.000e+00 -0.000e+00 -4.340e-03 -8.000e-05
  -2.090e-03 -0.000e+00 -4.990e-03 -0.000e+00 -0.000e+00 -2.160e-03
  -1.000e-05 -1.300e-03 -0.000e+00 -0.000e+00 -0.000e+00 -7.480e-03
  -4.800e-03 -0.000e+00 -0.000e+00]
 [-0.000e+00 -7.750e-03 -0.000e+00 -0.000e+00 -8.030e-03 -1.600e-04
  -3.870e-03 -0.000e+00 -9.230e-03 -0.000e+00 -0.000e+00 -3.990e-03
  -1.000e-05 -2.400e-03 -0.000e+00 -0.000e+00 -0.000e+00 -1.383e-02
  -8.880e-03 -0.000e+00 -0.000e+00]
 [ 0.000e+00  0.000e+00  0.000e+00  0.000e+00  0.000e+00  0.000e+00
   0.000e+00  0.000e+00  0.000e+00  0.000e+00  0.000e+00  0.000e+00
   0.000e+00  0.000e+00  0.000e+00  0.000e+00  0.000e+00  0.000e+00
   0.000e+00  0.000e+00  0.000e+00]
 [ 0.000e+00  1.270e-02  0.000e+00  0.000e+00  1.316e-02  2.600e-04
   6.340e-03  0.000e+00  1.513e-02  0.000e+00  0.000e+00  6.540e-03
   2.000e-05  3.940e-03  0.000e+00  0.000e+00  0.000e+00  2.266e-02
   1.455e-02  0.000e+00  0.000e+00]
 [ 0.000e+00  6.740e-03  0.000e+00  0.000e+00  6.980e-03  1.400e-04
   3.370e-03  0.000e+00  8.020e-03  0.000e+00  0.000e+00  3.470e-03
   1.000e-05  2.090e-03  0.000e+00  0.000e+00  0.000e+00  1.202e-02
   7.720e-03  0.000e+00  0.000e+00]]
weight_11
[[-0.00782 -0.      -0.      -0.06092 -0.09255 -0.10961 -0.12485 -0.01145
  -0.13483 -0.13665 -0.      -0.0483  -0.      -0.      -0.      -0.08154
  -0.12323 -0.08687 -0.      -0.13609 -0.16767]]
my_b
bias_1
[[ 1.e-05 -0.e+00  0.e+00  0.e+00  0.e+00  1.e-05  0.e+00  0.e+00  0.e+00
   0.e+00  0.e+00 -3.e-05  2.e-05  0.e+00  0.e+00 -3.e-05 -4.e-05  2.e-05
   0.e+00  0.e+00  0.e+00]]

bias_2
[[ 6.e-05 -1.e-05  4.e-05  4.e-05  0.e+00 -2.e-05 -3.e-05  1.e-05 -4.e-05
   0.e+00  1.e-05  0.e+00  0.e+00  0.e+00  0.e+00 -1.e-05  0.e+00  2.e-05
  -6.e-05 -8.e-05  0.e+00]]

bias_3
[[ 0.0e+00  0.0e+00  0.0e+00  1.0e-04 -1.6e-04  0.0e+00  0.0e+00 -8.0e-05
   0.0e+00  0.0e+00  9.0e-05  0.0e+00  0.0e+00  3.0e-05  0.0e+00  1.1e-04
   1.1e-04  0.0e+00  0.0e+00 -1.1e-04  0.0e+00]]

bias_4
[[ 3.6e-04  0.0e+00 -4.1e-04  0.0e+00 -5.0e-05  1.4e-04  2.4e-04  0.0e+00
   0.0e+00 -4.0e-05 -1.5e-04 -1.4e-04  2.0e-05  5.0e-05  0.0e+00  0.0e+00
   1.0e-05  0.0e+00 -1.4e-04  0.0e+00  0.0e+00]]

bias_5
[[-6.0e-05  0.0e+00  0.0e+00 -6.7e-04 -5.0e-04 -3.6e-04  0.0e+00  0.0e+00
  -4.4e-04  2.9e-04  0.0e+00  8.3e-04 -4.5e-04  0.0e+00  2.9e-04  0.0e+00
   0.0e+00  1.0e-04  4.0e-04 -1.3e-04  0.0e+00]]

bias_6
[[ 0.00e+00  0.00e+00  0.00e+00  1.19e-03  0.00e+00  2.41e-03 -1.04e-03
   0.00e+00  0.00e+00  0.00e+00  0.00e+00  0.00e+00  3.80e-04 -5.00e-05
   0.00e+00 -4.10e-04  0.00e+00 -1.60e-04 -1.70e-03  4.50e-04 -7.00e-05]]

bias_7
[[ 0.00034  0.00048  0.      -0.00062  0.       0.00036 -0.00098 -0.00394
   0.      -0.00493  0.00221  0.       0.      -0.00041  0.       0.
  -0.0025  -0.00373  0.00332  0.       0.     ]]

bias_8
[[ 0.       0.       0.      -0.00579 -0.00066 -0.00834 -0.02226  0.
   0.       0.       0.       0.       0.      -0.00833  0.00235  0.01624
   0.       0.       0.0071   0.00068  0.     ]]

bias_9
[[ 0.      -0.03394  0.       0.       0.1075  -0.00139  0.00272  0.
   0.01876  0.       0.      -0.00368  0.00253  0.01961  0.       0.
   0.      -0.00931  0.06129  0.       0.     ]]

bias_10
[[-0.01012  0.       0.      -0.06655  0.15441 -0.04207  0.02788  0.1353
   0.03623  0.15452  0.      -0.06875  0.       0.       0.      -0.13629
  -0.03372 -0.06239  0.       0.10221  0.05422]]

bias_11
[[-0.73384]]

