autograd_w
weight_1
[[ 0.e+00  0.e+00  0.e+00  0.e+00  0.e+00  0.e+00  0.e+00  0.e+00  0.e+00
   0.e+00]
 [-3.e-05 -3.e-05 -2.e-05 -2.e-05 -3.e-05 -3.e-05 -1.e-05 -2.e-05 -3.e-05
  -2.e-05]
 [ 1.e-05  1.e-05  0.e+00  0.e+00  1.e-05  1.e-05  0.e+00  0.e+00  1.e-05
   0.e+00]
 [ 0.e+00  0.e+00  0.e+00  0.e+00  0.e+00  0.e+00  0.e+00  0.e+00  0.e+00
   0.e+00]
 [ 3.e-05  2.e-05  1.e-05  2.e-05  2.e-05  2.e-05  1.e-05  1.e-05  2.e-05
   2.e-05]
 [-5.e-05 -5.e-05 -3.e-05 -3.e-05 -4.e-05 -4.e-05 -2.e-05 -2.e-05 -5.e-05
  -3.e-05]
 [ 4.e-05  4.e-05  2.e-05  3.e-05  3.e-05  3.e-05  2.e-05  2.e-05  4.e-05
   3.e-05]
 [-3.e-05 -3.e-05 -2.e-05 -2.e-05 -2.e-05 -3.e-05 -1.e-05 -1.e-05 -3.e-05
  -2.e-05]
 [-1.e-05 -1.e-05 -1.e-05 -1.e-05 -1.e-05 -1.e-05 -0.e+00 -0.e+00 -1.e-05
  -1.e-05]
 [-2.e-05 -2.e-05 -1.e-05 -1.e-05 -1.e-05 -1.e-05 -1.e-05 -1.e-05 -2.e-05
  -1.e-05]
 [-0.e+00 -0.e+00 -0.e+00 -0.e+00 -0.e+00 -0.e+00 -0.e+00 -0.e+00 -0.e+00
  -0.e+00]
 [ 2.e-05  1.e-05  1.e-05  1.e-05  1.e-05  1.e-05  1.e-05  1.e-05  1.e-05
   1.e-05]
 [-0.e+00 -0.e+00 -0.e+00 -0.e+00 -0.e+00 -0.e+00 -0.e+00 -0.e+00 -0.e+00
  -0.e+00]
 [ 5.e-05  5.e-05  3.e-05  3.e-05  4.e-05  4.e-05  2.e-05  2.e-05  5.e-05
   3.e-05]
 [ 4.e-05  3.e-05  2.e-05  2.e-05  3.e-05  3.e-05  1.e-05  2.e-05  3.e-05
   2.e-05]
 [-1.e-05 -1.e-05 -1.e-05 -1.e-05 -1.e-05 -1.e-05 -0.e+00 -0.e+00 -1.e-05
  -1.e-05]
 [ 4.e-05  4.e-05  2.e-05  3.e-05  3.e-05  3.e-05  1.e-05  2.e-05  4.e-05
   3.e-05]
 [ 3.e-05  2.e-05  1.e-05  2.e-05  2.e-05  2.e-05  1.e-05  1.e-05  3.e-05
   2.e-05]
 [ 0.e+00  0.e+00  0.e+00  0.e+00  0.e+00  0.e+00  0.e+00  0.e+00  0.e+00
   0.e+00]
 [ 1.e-05  1.e-05  0.e+00  0.e+00  1.e-05  1.e-05  0.e+00  0.e+00  1.e-05
   0.e+00]
 [ 2.e-05  1.e-05  1.e-05  1.e-05  1.e-05  1.e-05  1.e-05  1.e-05  1.e-05
   1.e-05]]
weight_2
[[-2.0e-05 -1.0e-05 -0.0e+00  1.0e-05 -0.0e+00 -1.0e-05  2.0e-05  1.0e-05
  -0.0e+00  3.0e-05  1.0e-05  0.0e+00 -0.0e+00 -0.0e+00  2.0e-05 -2.0e-05
   1.0e-05 -1.0e-05 -1.0e-05  1.0e-05 -3.0e-05]
 [-0.0e+00 -0.0e+00 -0.0e+00  0.0e+00 -0.0e+00 -0.0e+00  0.0e+00  0.0e+00
  -0.0e+00  0.0e+00  0.0e+00  0.0e+00 -0.0e+00 -0.0e+00  0.0e+00 -0.0e+00
   0.0e+00 -0.0e+00 -0.0e+00  0.0e+00 -0.0e+00]
 [-0.0e+00 -0.0e+00 -0.0e+00  0.0e+00 -0.0e+00 -0.0e+00  0.0e+00  0.0e+00
  -0.0e+00  0.0e+00  0.0e+00  0.0e+00 -0.0e+00 -0.0e+00  0.0e+00 -0.0e+00
   0.0e+00 -0.0e+00 -0.0e+00  0.0e+00 -0.0e+00]
 [-0.0e+00 -0.0e+00 -0.0e+00  0.0e+00 -0.0e+00 -0.0e+00  0.0e+00  0.0e+00
  -0.0e+00  0.0e+00  0.0e+00  0.0e+00 -0.0e+00 -0.0e+00  0.0e+00 -0.0e+00
   0.0e+00 -0.0e+00 -0.0e+00  0.0e+00 -0.0e+00]
 [-1.0e-05 -1.0e-05 -0.0e+00  1.0e-05 -0.0e+00 -1.0e-05  1.0e-05  1.0e-05
  -0.0e+00  2.0e-05  1.0e-05  0.0e+00 -0.0e+00 -0.0e+00  2.0e-05 -1.0e-05
   1.0e-05 -1.0e-05 -1.0e-05  1.0e-05 -3.0e-05]
 [-2.0e-05 -1.0e-05 -0.0e+00  2.0e-05 -0.0e+00 -1.0e-05  2.0e-05  1.0e-05
  -0.0e+00  3.0e-05  1.0e-05  0.0e+00 -0.0e+00 -0.0e+00  2.0e-05 -2.0e-05
   1.0e-05 -1.0e-05 -1.0e-05  1.0e-05 -3.0e-05]
 [-0.0e+00 -0.0e+00 -0.0e+00  0.0e+00 -0.0e+00 -0.0e+00  0.0e+00  0.0e+00
  -0.0e+00  0.0e+00  0.0e+00  0.0e+00 -0.0e+00 -0.0e+00  0.0e+00 -0.0e+00
   0.0e+00 -0.0e+00 -0.0e+00  0.0e+00 -0.0e+00]
 [-0.0e+00 -0.0e+00 -0.0e+00  0.0e+00 -0.0e+00 -0.0e+00  0.0e+00  0.0e+00
  -0.0e+00  0.0e+00  0.0e+00  0.0e+00 -0.0e+00 -0.0e+00  0.0e+00 -0.0e+00
   0.0e+00 -0.0e+00 -0.0e+00  0.0e+00 -0.0e+00]
 [-1.0e-05 -1.0e-05 -0.0e+00  1.0e-05 -0.0e+00 -1.0e-05  1.0e-05  1.0e-05
  -0.0e+00  2.0e-05  1.0e-05  0.0e+00 -0.0e+00 -0.0e+00  1.0e-05 -1.0e-05
   1.0e-05 -0.0e+00 -0.0e+00  0.0e+00 -2.0e-05]
 [-0.0e+00 -0.0e+00 -0.0e+00  0.0e+00 -0.0e+00 -0.0e+00  0.0e+00  0.0e+00
  -0.0e+00  0.0e+00  0.0e+00  0.0e+00 -0.0e+00 -0.0e+00  0.0e+00 -0.0e+00
   0.0e+00 -0.0e+00 -0.0e+00  0.0e+00 -0.0e+00]
 [ 7.0e-05  4.0e-05  1.0e-05 -5.0e-05  0.0e+00  3.0e-05 -6.0e-05 -3.0e-05
   0.0e+00 -1.1e-04 -4.0e-05 -1.0e-05  1.0e-05  0.0e+00 -7.0e-05  6.0e-05
  -3.0e-05  2.0e-05  2.0e-05 -2.0e-05  1.1e-04]
 [ 6.0e-05  4.0e-05  1.0e-05 -5.0e-05  0.0e+00  3.0e-05 -5.0e-05 -3.0e-05
   0.0e+00 -9.0e-05 -4.0e-05 -1.0e-05  1.0e-05  0.0e+00 -6.0e-05  5.0e-05
  -3.0e-05  2.0e-05  2.0e-05 -2.0e-05  1.0e-04]
 [ 1.0e-05  1.0e-05  0.0e+00 -1.0e-05  0.0e+00  1.0e-05 -1.0e-05 -1.0e-05
   0.0e+00 -2.0e-05 -1.0e-05 -0.0e+00  0.0e+00  0.0e+00 -1.0e-05  1.0e-05
  -1.0e-05  0.0e+00  0.0e+00 -0.0e+00  2.0e-05]
 [-1.0e-05 -1.0e-05 -0.0e+00  1.0e-05 -0.0e+00 -1.0e-05  1.0e-05  1.0e-05
  -0.0e+00  2.0e-05  1.0e-05  0.0e+00 -0.0e+00 -0.0e+00  1.0e-05 -1.0e-05
   1.0e-05 -0.0e+00 -0.0e+00  0.0e+00 -2.0e-05]
 [-0.0e+00 -0.0e+00 -0.0e+00  0.0e+00 -0.0e+00 -0.0e+00  0.0e+00  0.0e+00
  -0.0e+00  0.0e+00  0.0e+00  0.0e+00 -0.0e+00 -0.0e+00  0.0e+00 -0.0e+00
   0.0e+00 -0.0e+00 -0.0e+00  0.0e+00 -0.0e+00]
 [ 5.0e-05  3.0e-05  1.0e-05 -4.0e-05  0.0e+00  3.0e-05 -5.0e-05 -3.0e-05
   0.0e+00 -9.0e-05 -4.0e-05 -1.0e-05  1.0e-05  0.0e+00 -6.0e-05  5.0e-05
  -3.0e-05  2.0e-05  2.0e-05 -2.0e-05  9.0e-05]
 [-3.0e-05 -2.0e-05 -1.0e-05  3.0e-05 -0.0e+00 -2.0e-05  3.0e-05  2.0e-05
  -0.0e+00  5.0e-05  2.0e-05  1.0e-05 -0.0e+00 -0.0e+00  4.0e-05 -3.0e-05
   2.0e-05 -1.0e-05 -1.0e-05  1.0e-05 -6.0e-05]
 [-3.0e-05 -2.0e-05 -0.0e+00  2.0e-05 -0.0e+00 -1.0e-05  2.0e-05  1.0e-05
  -0.0e+00  4.0e-05  2.0e-05  1.0e-05 -0.0e+00 -0.0e+00  3.0e-05 -2.0e-05
   1.0e-05 -1.0e-05 -1.0e-05  1.0e-05 -5.0e-05]
 [-0.0e+00 -0.0e+00 -0.0e+00  0.0e+00 -0.0e+00 -0.0e+00  0.0e+00  0.0e+00
  -0.0e+00  0.0e+00  0.0e+00  0.0e+00 -0.0e+00 -0.0e+00  0.0e+00 -0.0e+00
   0.0e+00 -0.0e+00 -0.0e+00  0.0e+00 -0.0e+00]
 [-2.0e-05 -1.0e-05 -0.0e+00  2.0e-05 -0.0e+00 -1.0e-05  2.0e-05  1.0e-05
  -0.0e+00  4.0e-05  2.0e-05  0.0e+00 -0.0e+00 -0.0e+00  2.0e-05 -2.0e-05
   1.0e-05 -1.0e-05 -1.0e-05  1.0e-05 -4.0e-05]
 [-2.0e-05 -1.0e-05 -0.0e+00  2.0e-05 -0.0e+00 -1.0e-05  2.0e-05  1.0e-05
  -0.0e+00  4.0e-05  1.0e-05  0.0e+00 -0.0e+00 -0.0e+00  2.0e-05 -2.0e-05
   1.0e-05 -1.0e-05 -1.0e-05  1.0e-05 -4.0e-05]]
weight_3
[[ 0.0e+00  0.0e+00  0.0e+00  0.0e+00  0.0e+00  0.0e+00  0.0e+00  0.0e+00
   0.0e+00  0.0e+00  0.0e+00  0.0e+00  0.0e+00  0.0e+00  0.0e+00  0.0e+00
   0.0e+00  0.0e+00  0.0e+00  0.0e+00  0.0e+00]
 [ 0.0e+00  0.0e+00  0.0e+00  0.0e+00  0.0e+00  0.0e+00  0.0e+00  0.0e+00
   0.0e+00  0.0e+00  0.0e+00  0.0e+00  0.0e+00  0.0e+00  0.0e+00  0.0e+00
   0.0e+00  0.0e+00  0.0e+00  0.0e+00  0.0e+00]
 [-5.0e-05 -0.0e+00 -0.0e+00 -0.0e+00 -7.0e-05 -1.1e-04 -0.0e+00 -0.0e+00
  -1.0e-05 -0.0e+00 -5.0e-05 -1.0e-05 -3.0e-05 -4.0e-05 -8.0e-05 -6.0e-05
  -5.0e-05 -9.0e-05 -0.0e+00 -9.0e-05 -1.0e-04]
 [ 0.0e+00  0.0e+00  0.0e+00  0.0e+00  0.0e+00  0.0e+00  0.0e+00  0.0e+00
   0.0e+00  0.0e+00  0.0e+00  0.0e+00  0.0e+00  0.0e+00  0.0e+00  0.0e+00
   0.0e+00  0.0e+00  0.0e+00  0.0e+00  0.0e+00]
 [ 0.0e+00  0.0e+00  0.0e+00  0.0e+00  0.0e+00  0.0e+00  0.0e+00  0.0e+00
   0.0e+00  0.0e+00  0.0e+00  0.0e+00  0.0e+00  0.0e+00  0.0e+00  0.0e+00
   0.0e+00  0.0e+00  0.0e+00  0.0e+00  0.0e+00]
 [ 0.0e+00  0.0e+00  0.0e+00  0.0e+00  0.0e+00  0.0e+00  0.0e+00  0.0e+00
   0.0e+00  0.0e+00  0.0e+00  0.0e+00  0.0e+00  0.0e+00  0.0e+00  0.0e+00
   0.0e+00  0.0e+00  0.0e+00  0.0e+00  0.0e+00]
 [ 0.0e+00  0.0e+00  0.0e+00  0.0e+00  0.0e+00  0.0e+00  0.0e+00  0.0e+00
   0.0e+00  0.0e+00  0.0e+00  0.0e+00  0.0e+00  0.0e+00  0.0e+00  0.0e+00
   0.0e+00  0.0e+00  0.0e+00  0.0e+00  0.0e+00]
 [ 0.0e+00  0.0e+00  0.0e+00  0.0e+00  0.0e+00  0.0e+00  0.0e+00  0.0e+00
   0.0e+00  0.0e+00  0.0e+00  0.0e+00  0.0e+00  0.0e+00  0.0e+00  0.0e+00
   0.0e+00  0.0e+00  0.0e+00  0.0e+00  0.0e+00]
 [ 0.0e+00  0.0e+00  0.0e+00  0.0e+00  0.0e+00  0.0e+00  0.0e+00  0.0e+00
   0.0e+00  0.0e+00  0.0e+00  0.0e+00  0.0e+00  0.0e+00  0.0e+00  0.0e+00
   0.0e+00  0.0e+00  0.0e+00  0.0e+00  0.0e+00]
 [-2.0e-05 -0.0e+00 -0.0e+00 -0.0e+00 -3.0e-05 -6.0e-05 -0.0e+00 -0.0e+00
  -0.0e+00 -0.0e+00 -2.0e-05 -1.0e-05 -2.0e-05 -2.0e-05 -4.0e-05 -3.0e-05
  -3.0e-05 -4.0e-05 -0.0e+00 -4.0e-05 -5.0e-05]
 [ 0.0e+00  0.0e+00  0.0e+00  0.0e+00  0.0e+00  0.0e+00  0.0e+00  0.0e+00
   0.0e+00  0.0e+00  0.0e+00  0.0e+00  0.0e+00  0.0e+00  0.0e+00  0.0e+00
   0.0e+00  0.0e+00  0.0e+00  0.0e+00  0.0e+00]
 [ 0.0e+00  0.0e+00  0.0e+00  0.0e+00  0.0e+00  0.0e+00  0.0e+00  0.0e+00
   0.0e+00  0.0e+00  0.0e+00  0.0e+00  0.0e+00  0.0e+00  0.0e+00  0.0e+00
   0.0e+00  0.0e+00  0.0e+00  0.0e+00  0.0e+00]
 [ 0.0e+00  0.0e+00  0.0e+00  0.0e+00  0.0e+00  0.0e+00  0.0e+00  0.0e+00
   0.0e+00  0.0e+00  0.0e+00  0.0e+00  0.0e+00  0.0e+00  0.0e+00  0.0e+00
   0.0e+00  0.0e+00  0.0e+00  0.0e+00  0.0e+00]
 [ 2.0e-05  0.0e+00  0.0e+00  0.0e+00  3.0e-05  5.0e-05  0.0e+00  0.0e+00
   0.0e+00  0.0e+00  2.0e-05  1.0e-05  2.0e-05  2.0e-05  4.0e-05  3.0e-05
   2.0e-05  4.0e-05  0.0e+00  4.0e-05  5.0e-05]
 [ 8.0e-05  0.0e+00  0.0e+00  0.0e+00  1.1e-04  1.9e-04  0.0e+00  0.0e+00
   2.0e-05  0.0e+00  8.0e-05  2.0e-05  6.0e-05  7.0e-05  1.3e-04  1.0e-04
   9.0e-05  1.5e-04  0.0e+00  1.5e-04  1.6e-04]
 [ 0.0e+00  0.0e+00  0.0e+00  0.0e+00  0.0e+00  0.0e+00  0.0e+00  0.0e+00
   0.0e+00  0.0e+00  0.0e+00  0.0e+00  0.0e+00  0.0e+00  0.0e+00  0.0e+00
   0.0e+00  0.0e+00  0.0e+00  0.0e+00  0.0e+00]
 [-3.0e-05 -0.0e+00 -0.0e+00 -0.0e+00 -4.0e-05 -7.0e-05 -0.0e+00 -0.0e+00
  -1.0e-05 -0.0e+00 -3.0e-05 -1.0e-05 -2.0e-05 -3.0e-05 -5.0e-05 -4.0e-05
  -3.0e-05 -5.0e-05 -0.0e+00 -5.0e-05 -6.0e-05]
 [-2.0e-05 -0.0e+00 -0.0e+00 -0.0e+00 -3.0e-05 -5.0e-05 -0.0e+00 -0.0e+00
  -0.0e+00 -0.0e+00 -2.0e-05 -0.0e+00 -1.0e-05 -2.0e-05 -3.0e-05 -3.0e-05
  -2.0e-05 -4.0e-05 -0.0e+00 -4.0e-05 -4.0e-05]
 [-1.0e-05 -0.0e+00 -0.0e+00 -0.0e+00 -2.0e-05 -3.0e-05 -0.0e+00 -0.0e+00
  -0.0e+00 -0.0e+00 -1.0e-05 -0.0e+00 -1.0e-05 -1.0e-05 -2.0e-05 -2.0e-05
  -2.0e-05 -3.0e-05 -0.0e+00 -3.0e-05 -3.0e-05]
 [ 0.0e+00  0.0e+00  0.0e+00  0.0e+00  0.0e+00  0.0e+00  0.0e+00  0.0e+00
   0.0e+00  0.0e+00  0.0e+00  0.0e+00  0.0e+00  0.0e+00  0.0e+00  0.0e+00
   0.0e+00  0.0e+00  0.0e+00  0.0e+00  0.0e+00]
 [-4.0e-05 -0.0e+00 -0.0e+00 -0.0e+00 -5.0e-05 -8.0e-05 -0.0e+00 -0.0e+00
  -1.0e-05 -0.0e+00 -3.0e-05 -1.0e-05 -3.0e-05 -3.0e-05 -6.0e-05 -5.0e-05
  -4.0e-05 -7.0e-05 -0.0e+00 -7.0e-05 -7.0e-05]]
weight_4
[[ 0.0e+00  0.0e+00  0.0e+00  0.0e+00  0.0e+00  0.0e+00  0.0e+00  0.0e+00
   0.0e+00  0.0e+00  0.0e+00  0.0e+00  0.0e+00  0.0e+00  0.0e+00  0.0e+00
   0.0e+00  0.0e+00  0.0e+00  0.0e+00  0.0e+00]
 [ 0.0e+00  0.0e+00  5.0e-05  0.0e+00  0.0e+00  0.0e+00  0.0e+00  0.0e+00
   0.0e+00  1.0e-05  0.0e+00  0.0e+00  0.0e+00  9.0e-05  0.0e+00  0.0e+00
   9.0e-05  4.0e-05  0.0e+00  0.0e+00  0.0e+00]
 [ 0.0e+00  0.0e+00  0.0e+00  0.0e+00  0.0e+00  0.0e+00  0.0e+00  0.0e+00
   0.0e+00  0.0e+00  0.0e+00  0.0e+00  0.0e+00  0.0e+00  0.0e+00  0.0e+00
   0.0e+00  0.0e+00  0.0e+00  0.0e+00  0.0e+00]
 [ 0.0e+00  0.0e+00  8.0e-05  0.0e+00  0.0e+00  0.0e+00  0.0e+00  0.0e+00
   0.0e+00  2.0e-05  0.0e+00  0.0e+00  0.0e+00  1.5e-04  0.0e+00  0.0e+00
   1.5e-04  7.0e-05  0.0e+00  0.0e+00  0.0e+00]
 [ 0.0e+00  0.0e+00  0.0e+00  0.0e+00  0.0e+00  0.0e+00  0.0e+00  0.0e+00
   0.0e+00  0.0e+00  0.0e+00  0.0e+00  0.0e+00  0.0e+00  0.0e+00  0.0e+00
   0.0e+00  0.0e+00  0.0e+00  0.0e+00  0.0e+00]
 [ 0.0e+00  0.0e+00  0.0e+00  0.0e+00  0.0e+00  0.0e+00  0.0e+00  0.0e+00
   0.0e+00  0.0e+00  0.0e+00  0.0e+00  0.0e+00  0.0e+00  0.0e+00  0.0e+00
   0.0e+00  0.0e+00  0.0e+00  0.0e+00  0.0e+00]
 [ 0.0e+00  0.0e+00  1.6e-04  0.0e+00  0.0e+00  0.0e+00  0.0e+00  0.0e+00
   0.0e+00  3.0e-05  0.0e+00  0.0e+00  0.0e+00  2.9e-04  1.0e-05  0.0e+00
   2.9e-04  1.3e-04  0.0e+00  0.0e+00  0.0e+00]
 [ 0.0e+00  0.0e+00  0.0e+00  0.0e+00  0.0e+00  0.0e+00  0.0e+00  0.0e+00
   0.0e+00  0.0e+00  0.0e+00  0.0e+00  0.0e+00  0.0e+00  0.0e+00  0.0e+00
   0.0e+00  0.0e+00  0.0e+00  0.0e+00  0.0e+00]
 [ 0.0e+00  0.0e+00  0.0e+00  0.0e+00  0.0e+00  0.0e+00  0.0e+00  0.0e+00
   0.0e+00  0.0e+00  0.0e+00  0.0e+00  0.0e+00  0.0e+00  0.0e+00  0.0e+00
   0.0e+00  0.0e+00  0.0e+00  0.0e+00  0.0e+00]
 [ 0.0e+00  0.0e+00  2.0e-05  0.0e+00  0.0e+00  0.0e+00  0.0e+00  0.0e+00
   0.0e+00  0.0e+00  0.0e+00  0.0e+00  0.0e+00  4.0e-05  0.0e+00  0.0e+00
   4.0e-05  2.0e-05  0.0e+00  0.0e+00  0.0e+00]
 [ 0.0e+00  0.0e+00  0.0e+00  0.0e+00  0.0e+00  0.0e+00  0.0e+00  0.0e+00
   0.0e+00  0.0e+00  0.0e+00  0.0e+00  0.0e+00  0.0e+00  0.0e+00  0.0e+00
   0.0e+00  0.0e+00  0.0e+00  0.0e+00  0.0e+00]
 [ 0.0e+00  0.0e+00  0.0e+00  0.0e+00  0.0e+00  0.0e+00  0.0e+00  0.0e+00
   0.0e+00  0.0e+00  0.0e+00  0.0e+00  0.0e+00  0.0e+00  0.0e+00  0.0e+00
   0.0e+00  0.0e+00  0.0e+00  0.0e+00  0.0e+00]
 [ 0.0e+00  0.0e+00  0.0e+00  0.0e+00  0.0e+00  0.0e+00  0.0e+00  0.0e+00
   0.0e+00  0.0e+00  0.0e+00  0.0e+00  0.0e+00  0.0e+00  0.0e+00  0.0e+00
   0.0e+00  0.0e+00  0.0e+00  0.0e+00  0.0e+00]
 [ 0.0e+00  0.0e+00  0.0e+00  0.0e+00  0.0e+00  0.0e+00  0.0e+00  0.0e+00
   0.0e+00  0.0e+00  0.0e+00  0.0e+00  0.0e+00  0.0e+00  0.0e+00  0.0e+00
   0.0e+00  0.0e+00  0.0e+00  0.0e+00  0.0e+00]
 [-0.0e+00 -0.0e+00 -1.1e-04 -0.0e+00 -0.0e+00 -0.0e+00 -0.0e+00 -0.0e+00
  -0.0e+00 -2.0e-05 -0.0e+00 -0.0e+00 -0.0e+00 -2.0e-04 -1.0e-05 -0.0e+00
  -2.0e-04 -9.0e-05 -0.0e+00 -0.0e+00 -0.0e+00]
 [ 0.0e+00  0.0e+00  8.0e-05  0.0e+00  0.0e+00  0.0e+00  0.0e+00  0.0e+00
   0.0e+00  2.0e-05  0.0e+00  0.0e+00  0.0e+00  1.5e-04  0.0e+00  0.0e+00
   1.5e-04  7.0e-05  0.0e+00  0.0e+00  0.0e+00]
 [-0.0e+00 -0.0e+00 -7.0e-05 -0.0e+00 -0.0e+00 -0.0e+00 -0.0e+00 -0.0e+00
  -0.0e+00 -1.0e-05 -0.0e+00 -0.0e+00 -0.0e+00 -1.2e-04 -0.0e+00 -0.0e+00
  -1.2e-04 -5.0e-05 -0.0e+00 -0.0e+00 -0.0e+00]
 [-0.0e+00 -0.0e+00 -8.0e-05 -0.0e+00 -0.0e+00 -0.0e+00 -0.0e+00 -0.0e+00
  -0.0e+00 -1.0e-05 -0.0e+00 -0.0e+00 -0.0e+00 -1.4e-04 -0.0e+00 -0.0e+00
  -1.4e-04 -6.0e-05 -0.0e+00 -0.0e+00 -0.0e+00]
 [-0.0e+00 -0.0e+00 -3.0e-05 -0.0e+00 -0.0e+00 -0.0e+00 -0.0e+00 -0.0e+00
  -0.0e+00 -1.0e-05 -0.0e+00 -0.0e+00 -0.0e+00 -6.0e-05 -0.0e+00 -0.0e+00
  -6.0e-05 -3.0e-05 -0.0e+00 -0.0e+00 -0.0e+00]
 [-0.0e+00 -0.0e+00 -1.3e-04 -0.0e+00 -0.0e+00 -0.0e+00 -0.0e+00 -0.0e+00
  -0.0e+00 -3.0e-05 -0.0e+00 -0.0e+00 -0.0e+00 -2.5e-04 -1.0e-05 -0.0e+00
  -2.4e-04 -1.1e-04 -0.0e+00 -0.0e+00 -0.0e+00]
 [-0.0e+00 -0.0e+00 -2.1e-04 -0.0e+00 -0.0e+00 -0.0e+00 -0.0e+00 -0.0e+00
  -0.0e+00 -4.0e-05 -0.0e+00 -0.0e+00 -0.0e+00 -4.0e-04 -1.0e-05 -0.0e+00
  -3.9e-04 -1.8e-04 -0.0e+00 -0.0e+00 -0.0e+00]]
weight_5
[[ 0.00e+00  0.00e+00  0.00e+00  0.00e+00  0.00e+00  0.00e+00  0.00e+00
   0.00e+00  0.00e+00  0.00e+00  0.00e+00  0.00e+00  0.00e+00  0.00e+00
   0.00e+00  0.00e+00  0.00e+00  0.00e+00  0.00e+00  0.00e+00  0.00e+00]
 [ 0.00e+00  1.00e-04  0.00e+00  3.30e-04  0.00e+00  0.00e+00  6.00e-05
   0.00e+00  0.00e+00  2.00e-05  0.00e+00  0.00e+00  0.00e+00  0.00e+00
   1.40e-04  7.00e-05  1.70e-04  3.50e-04  6.00e-05  5.00e-05  9.00e-05]
 [ 0.00e+00  0.00e+00  0.00e+00  0.00e+00  0.00e+00  0.00e+00  0.00e+00
   0.00e+00  0.00e+00  0.00e+00  0.00e+00  0.00e+00  0.00e+00  0.00e+00
   0.00e+00  0.00e+00  0.00e+00  0.00e+00  0.00e+00  0.00e+00  0.00e+00]
 [ 0.00e+00  0.00e+00  0.00e+00  0.00e+00  0.00e+00  0.00e+00  0.00e+00
   0.00e+00  0.00e+00  0.00e+00  0.00e+00  0.00e+00  0.00e+00  0.00e+00
   0.00e+00  0.00e+00  0.00e+00  0.00e+00  0.00e+00  0.00e+00  0.00e+00]
 [-0.00e+00 -5.00e-05 -0.00e+00 -1.60e-04 -0.00e+00 -0.00e+00 -3.00e-05
  -0.00e+00 -0.00e+00 -1.00e-05 -0.00e+00 -0.00e+00 -0.00e+00 -0.00e+00
  -7.00e-05 -3.00e-05 -8.00e-05 -1.70e-04 -3.00e-05 -3.00e-05 -4.00e-05]
 [ 0.00e+00  0.00e+00  0.00e+00  0.00e+00  0.00e+00  0.00e+00  0.00e+00
   0.00e+00  0.00e+00  0.00e+00  0.00e+00  0.00e+00  0.00e+00  0.00e+00
   0.00e+00  0.00e+00  0.00e+00  0.00e+00  0.00e+00  0.00e+00  0.00e+00]
 [-0.00e+00 -1.10e-04 -0.00e+00 -3.60e-04 -0.00e+00 -0.00e+00 -6.00e-05
  -0.00e+00 -0.00e+00 -3.00e-05 -0.00e+00 -0.00e+00 -0.00e+00 -0.00e+00
  -1.50e-04 -7.00e-05 -1.80e-04 -3.90e-04 -7.00e-05 -6.00e-05 -9.00e-05]
 [-0.00e+00 -4.00e-05 -0.00e+00 -1.30e-04 -0.00e+00 -0.00e+00 -2.00e-05
  -0.00e+00 -0.00e+00 -1.00e-05 -0.00e+00 -0.00e+00 -0.00e+00 -0.00e+00
  -5.00e-05 -3.00e-05 -6.00e-05 -1.40e-04 -2.00e-05 -2.00e-05 -3.00e-05]
 [-0.00e+00 -4.00e-05 -0.00e+00 -1.10e-04 -0.00e+00 -0.00e+00 -2.00e-05
  -0.00e+00 -0.00e+00 -1.00e-05 -0.00e+00 -0.00e+00 -0.00e+00 -0.00e+00
  -5.00e-05 -2.00e-05 -6.00e-05 -1.20e-04 -2.00e-05 -2.00e-05 -3.00e-05]
 [ 0.00e+00  1.60e-04  0.00e+00  5.00e-04  0.00e+00  0.00e+00  8.00e-05
   0.00e+00  0.00e+00  4.00e-05  0.00e+00  0.00e+00  0.00e+00  0.00e+00
   2.10e-04  1.00e-04  2.50e-04  5.40e-04  9.00e-05  8.00e-05  1.30e-04]
 [ 0.00e+00  0.00e+00  0.00e+00  0.00e+00  0.00e+00  0.00e+00  0.00e+00
   0.00e+00  0.00e+00  0.00e+00  0.00e+00  0.00e+00  0.00e+00  0.00e+00
   0.00e+00  0.00e+00  0.00e+00  0.00e+00  0.00e+00  0.00e+00  0.00e+00]
 [ 0.00e+00  0.00e+00  0.00e+00  0.00e+00  0.00e+00  0.00e+00  0.00e+00
   0.00e+00  0.00e+00  0.00e+00  0.00e+00  0.00e+00  0.00e+00  0.00e+00
   0.00e+00  0.00e+00  0.00e+00  0.00e+00  0.00e+00  0.00e+00  0.00e+00]
 [ 0.00e+00  0.00e+00  0.00e+00  0.00e+00  0.00e+00  0.00e+00  0.00e+00
   0.00e+00  0.00e+00  0.00e+00  0.00e+00  0.00e+00  0.00e+00  0.00e+00
   0.00e+00  0.00e+00  0.00e+00  0.00e+00  0.00e+00  0.00e+00  0.00e+00]
 [ 0.00e+00  0.00e+00  0.00e+00  0.00e+00  0.00e+00  0.00e+00  0.00e+00
   0.00e+00  0.00e+00  0.00e+00  0.00e+00  0.00e+00  0.00e+00  0.00e+00
   0.00e+00  0.00e+00  0.00e+00  0.00e+00  0.00e+00  0.00e+00  0.00e+00]
 [ 0.00e+00  0.00e+00  0.00e+00  0.00e+00  0.00e+00  0.00e+00  0.00e+00
   0.00e+00  0.00e+00  0.00e+00  0.00e+00  0.00e+00  0.00e+00  0.00e+00
   0.00e+00  0.00e+00  0.00e+00  0.00e+00  0.00e+00  0.00e+00  0.00e+00]
 [-0.00e+00 -8.00e-05 -0.00e+00 -2.50e-04 -0.00e+00 -0.00e+00 -4.00e-05
  -0.00e+00 -0.00e+00 -2.00e-05 -0.00e+00 -0.00e+00 -0.00e+00 -0.00e+00
  -1.10e-04 -5.00e-05 -1.30e-04 -2.70e-04 -5.00e-05 -4.00e-05 -7.00e-05]
 [ 0.00e+00  0.00e+00  0.00e+00  0.00e+00  0.00e+00  0.00e+00  0.00e+00
   0.00e+00  0.00e+00  0.00e+00  0.00e+00  0.00e+00  0.00e+00  0.00e+00
   0.00e+00  0.00e+00  0.00e+00  0.00e+00  0.00e+00  0.00e+00  0.00e+00]
 [-0.00e+00 -2.30e-04 -0.00e+00 -7.20e-04 -0.00e+00 -0.00e+00 -1.20e-04
  -0.00e+00 -0.00e+00 -5.00e-05 -0.00e+00 -0.00e+00 -0.00e+00 -0.00e+00
  -3.10e-04 -1.40e-04 -3.70e-04 -7.70e-04 -1.30e-04 -1.20e-04 -1.90e-04]
 [ 0.00e+00  4.00e-05  0.00e+00  1.30e-04  0.00e+00  0.00e+00  2.00e-05
   0.00e+00  0.00e+00  1.00e-05  0.00e+00  0.00e+00  0.00e+00  0.00e+00
   5.00e-05  3.00e-05  6.00e-05  1.40e-04  2.00e-05  2.00e-05  3.00e-05]
 [ 0.00e+00  0.00e+00  0.00e+00  0.00e+00  0.00e+00  0.00e+00  0.00e+00
   0.00e+00  0.00e+00  0.00e+00  0.00e+00  0.00e+00  0.00e+00  0.00e+00
   0.00e+00  0.00e+00  0.00e+00  0.00e+00  0.00e+00  0.00e+00  0.00e+00]
 [-0.00e+00 -3.00e-04 -0.00e+00 -9.60e-04 -0.00e+00 -0.00e+00 -1.60e-04
  -0.00e+00 -0.00e+00 -7.00e-05 -0.00e+00 -0.00e+00 -0.00e+00 -0.00e+00
  -4.10e-04 -1.90e-04 -4.90e-04 -1.03e-03 -1.70e-04 -1.60e-04 -2.50e-04]]
weight_6
[[ 0.       0.       0.       0.       0.       0.       0.       0.
   0.       0.       0.       0.       0.       0.       0.       0.
   0.       0.       0.       0.       0.     ]
 [ 0.       0.       0.       0.       0.       0.       0.       0.
   0.       0.       0.       0.       0.       0.       0.       0.
   0.       0.       0.       0.       0.     ]
 [ 0.       0.       0.       0.       0.       0.       0.       0.
   0.       0.       0.       0.       0.       0.       0.       0.
   0.       0.       0.       0.       0.     ]
 [-0.      -0.00027 -0.      -0.      -0.00034 -0.      -0.00038 -0.00037
  -0.00026 -0.00025 -0.      -0.      -0.      -0.      -0.      -0.00026
  -0.      -0.0002  -0.0002  -0.      -0.00039]
 [ 0.       0.       0.       0.       0.       0.       0.       0.
   0.       0.       0.       0.       0.       0.       0.       0.
   0.       0.       0.       0.       0.     ]
 [ 0.       0.       0.       0.       0.       0.       0.       0.
   0.       0.       0.       0.       0.       0.       0.       0.
   0.       0.       0.       0.       0.     ]
 [ 0.       0.       0.       0.       0.       0.       0.       0.
   0.       0.       0.       0.       0.       0.       0.       0.
   0.       0.       0.       0.       0.     ]
 [ 0.       0.       0.       0.       0.       0.       0.       0.
   0.       0.       0.       0.       0.       0.       0.       0.
   0.       0.       0.       0.       0.     ]
 [ 0.       0.       0.       0.       0.       0.       0.       0.
   0.       0.       0.       0.       0.       0.       0.       0.
   0.       0.       0.       0.       0.     ]
 [ 0.       0.       0.       0.       0.       0.       0.       0.
   0.       0.       0.       0.       0.       0.       0.       0.
   0.       0.       0.       0.       0.     ]
 [ 0.       0.       0.       0.       0.       0.       0.       0.
   0.       0.       0.       0.       0.       0.       0.       0.
   0.       0.       0.       0.       0.     ]
 [ 0.       0.00017  0.       0.       0.00021  0.       0.00024  0.00023
   0.00016  0.00016  0.       0.       0.       0.       0.       0.00016
   0.       0.00012  0.00013  0.       0.00025]
 [ 0.       0.       0.       0.       0.       0.       0.       0.
   0.       0.       0.       0.       0.       0.       0.       0.
   0.       0.       0.       0.       0.     ]
 [ 0.       0.       0.       0.       0.       0.       0.       0.
   0.       0.       0.       0.       0.       0.       0.       0.
   0.       0.       0.       0.       0.     ]
 [ 0.       0.       0.       0.       0.       0.       0.       0.
   0.       0.       0.       0.       0.       0.       0.       0.
   0.       0.       0.       0.       0.     ]
 [-0.      -0.00058 -0.      -0.      -0.00073 -0.      -0.00082 -0.00079
  -0.00056 -0.00054 -0.      -0.      -0.      -0.      -0.      -0.00055
  -0.      -0.00042 -0.00043 -0.      -0.00084]
 [ 0.       0.       0.       0.       0.       0.       0.       0.
   0.       0.       0.       0.       0.       0.       0.       0.
   0.       0.       0.       0.       0.     ]
 [-0.      -0.00063 -0.      -0.      -0.00079 -0.      -0.00089 -0.00085
  -0.0006  -0.00058 -0.      -0.      -0.      -0.      -0.      -0.00059
  -0.      -0.00046 -0.00047 -0.      -0.00091]
 [-0.      -0.00026 -0.      -0.      -0.00032 -0.      -0.00037 -0.00035
  -0.00025 -0.00024 -0.      -0.      -0.      -0.      -0.      -0.00024
  -0.      -0.00019 -0.00019 -0.      -0.00037]
 [ 0.       0.       0.       0.       0.       0.       0.       0.
   0.       0.       0.       0.       0.       0.       0.       0.
   0.       0.       0.       0.       0.     ]
 [-0.      -0.00038 -0.      -0.      -0.00048 -0.      -0.00054 -0.00052
  -0.00036 -0.00035 -0.      -0.      -0.      -0.      -0.      -0.00036
  -0.      -0.00028 -0.00028 -0.      -0.00055]]
weight_7
[[ 0.00e+00  0.00e+00  0.00e+00  0.00e+00  0.00e+00  0.00e+00  0.00e+00
   0.00e+00  0.00e+00  0.00e+00  0.00e+00  0.00e+00  0.00e+00  0.00e+00
   0.00e+00  0.00e+00  0.00e+00  0.00e+00  0.00e+00  0.00e+00  0.00e+00]
 [ 0.00e+00  0.00e+00  0.00e+00  0.00e+00  0.00e+00  0.00e+00  0.00e+00
   0.00e+00  0.00e+00  0.00e+00  0.00e+00  0.00e+00  0.00e+00  0.00e+00
   0.00e+00  0.00e+00  0.00e+00  0.00e+00  0.00e+00  0.00e+00  0.00e+00]
 [ 0.00e+00  0.00e+00  0.00e+00  3.70e-04  0.00e+00  0.00e+00  0.00e+00
   0.00e+00  0.00e+00  0.00e+00  0.00e+00  3.90e-04  0.00e+00  0.00e+00
   0.00e+00  5.00e-05  0.00e+00  1.30e-03  1.11e-03  0.00e+00  4.00e-05]
 [ 0.00e+00  0.00e+00  0.00e+00  0.00e+00  0.00e+00  0.00e+00  0.00e+00
   0.00e+00  0.00e+00  0.00e+00  0.00e+00  0.00e+00  0.00e+00  0.00e+00
   0.00e+00  0.00e+00  0.00e+00  0.00e+00  0.00e+00  0.00e+00  0.00e+00]
 [ 0.00e+00  0.00e+00  0.00e+00  0.00e+00  0.00e+00  0.00e+00  0.00e+00
   0.00e+00  0.00e+00  0.00e+00  0.00e+00  0.00e+00  0.00e+00  0.00e+00
   0.00e+00  0.00e+00  0.00e+00  0.00e+00  0.00e+00  0.00e+00  0.00e+00]
 [ 0.00e+00  0.00e+00  0.00e+00  1.01e-03  0.00e+00  0.00e+00  0.00e+00
   0.00e+00  0.00e+00  0.00e+00  0.00e+00  1.05e-03  0.00e+00  0.00e+00
   0.00e+00  1.40e-04  0.00e+00  3.52e-03  2.99e-03  0.00e+00  1.00e-04]
 [ 0.00e+00  0.00e+00  0.00e+00  1.20e-04  0.00e+00  0.00e+00  0.00e+00
   0.00e+00  0.00e+00  0.00e+00  0.00e+00  1.30e-04  0.00e+00  0.00e+00
   0.00e+00  2.00e-05  0.00e+00  4.20e-04  3.60e-04  0.00e+00  1.00e-05]
 [-0.00e+00 -0.00e+00 -0.00e+00 -5.00e-04 -0.00e+00 -0.00e+00 -0.00e+00
  -0.00e+00 -0.00e+00 -0.00e+00 -0.00e+00 -5.30e-04 -0.00e+00 -0.00e+00
  -0.00e+00 -7.00e-05 -0.00e+00 -1.76e-03 -1.50e-03 -0.00e+00 -5.00e-05]
 [ 0.00e+00  0.00e+00  0.00e+00  0.00e+00  0.00e+00  0.00e+00  0.00e+00
   0.00e+00  0.00e+00  0.00e+00  0.00e+00  0.00e+00  0.00e+00  0.00e+00
   0.00e+00  0.00e+00  0.00e+00  0.00e+00  0.00e+00  0.00e+00  0.00e+00]
 [ 0.00e+00  0.00e+00  0.00e+00  0.00e+00  0.00e+00  0.00e+00  0.00e+00
   0.00e+00  0.00e+00  0.00e+00  0.00e+00  0.00e+00  0.00e+00  0.00e+00
   0.00e+00  0.00e+00  0.00e+00  0.00e+00  0.00e+00  0.00e+00  0.00e+00]
 [ 0.00e+00  0.00e+00  0.00e+00  0.00e+00  0.00e+00  0.00e+00  0.00e+00
   0.00e+00  0.00e+00  0.00e+00  0.00e+00  0.00e+00  0.00e+00  0.00e+00
   0.00e+00  0.00e+00  0.00e+00  0.00e+00  0.00e+00  0.00e+00  0.00e+00]
 [-0.00e+00 -0.00e+00 -0.00e+00 -9.70e-04 -0.00e+00 -0.00e+00 -0.00e+00
  -0.00e+00 -0.00e+00 -0.00e+00 -0.00e+00 -1.02e-03 -0.00e+00 -0.00e+00
  -0.00e+00 -1.30e-04 -0.00e+00 -3.40e-03 -2.89e-03 -0.00e+00 -1.00e-04]
 [-0.00e+00 -0.00e+00 -0.00e+00 -6.20e-04 -0.00e+00 -0.00e+00 -0.00e+00
  -0.00e+00 -0.00e+00 -0.00e+00 -0.00e+00 -6.40e-04 -0.00e+00 -0.00e+00
  -0.00e+00 -8.00e-05 -0.00e+00 -2.15e-03 -1.83e-03 -0.00e+00 -6.00e-05]
 [ 0.00e+00  0.00e+00  0.00e+00  0.00e+00  0.00e+00  0.00e+00  0.00e+00
   0.00e+00  0.00e+00  0.00e+00  0.00e+00  0.00e+00  0.00e+00  0.00e+00
   0.00e+00  0.00e+00  0.00e+00  0.00e+00  0.00e+00  0.00e+00  0.00e+00]
 [ 0.00e+00  0.00e+00  0.00e+00  0.00e+00  0.00e+00  0.00e+00  0.00e+00
   0.00e+00  0.00e+00  0.00e+00  0.00e+00  0.00e+00  0.00e+00  0.00e+00
   0.00e+00  0.00e+00  0.00e+00  0.00e+00  0.00e+00  0.00e+00  0.00e+00]
 [ 0.00e+00  0.00e+00  0.00e+00  0.00e+00  0.00e+00  0.00e+00  0.00e+00
   0.00e+00  0.00e+00  0.00e+00  0.00e+00  0.00e+00  0.00e+00  0.00e+00
   0.00e+00  0.00e+00  0.00e+00  0.00e+00  0.00e+00  0.00e+00  0.00e+00]
 [ 0.00e+00  0.00e+00  0.00e+00  0.00e+00  0.00e+00  0.00e+00  0.00e+00
   0.00e+00  0.00e+00  0.00e+00  0.00e+00  0.00e+00  0.00e+00  0.00e+00
   0.00e+00  0.00e+00  0.00e+00  0.00e+00  0.00e+00  0.00e+00  0.00e+00]
 [ 0.00e+00  0.00e+00  0.00e+00  0.00e+00  0.00e+00  0.00e+00  0.00e+00
   0.00e+00  0.00e+00  0.00e+00  0.00e+00  0.00e+00  0.00e+00  0.00e+00
   0.00e+00  0.00e+00  0.00e+00  0.00e+00  0.00e+00  0.00e+00  0.00e+00]
 [ 0.00e+00  0.00e+00  0.00e+00  0.00e+00  0.00e+00  0.00e+00  0.00e+00
   0.00e+00  0.00e+00  0.00e+00  0.00e+00  0.00e+00  0.00e+00  0.00e+00
   0.00e+00  0.00e+00  0.00e+00  0.00e+00  0.00e+00  0.00e+00  0.00e+00]
 [-0.00e+00 -0.00e+00 -0.00e+00 -1.00e-05 -0.00e+00 -0.00e+00 -0.00e+00
  -0.00e+00 -0.00e+00 -0.00e+00 -0.00e+00 -1.00e-05 -0.00e+00 -0.00e+00
  -0.00e+00 -0.00e+00 -0.00e+00 -3.00e-05 -2.00e-05 -0.00e+00 -0.00e+00]
 [ 0.00e+00  0.00e+00  0.00e+00  0.00e+00  0.00e+00  0.00e+00  0.00e+00
   0.00e+00  0.00e+00  0.00e+00  0.00e+00  0.00e+00  0.00e+00  0.00e+00
   0.00e+00  0.00e+00  0.00e+00  0.00e+00  0.00e+00  0.00e+00  0.00e+00]]
weight_8
[[ 0.00e+00  0.00e+00  0.00e+00  0.00e+00  0.00e+00  0.00e+00  0.00e+00
   0.00e+00  0.00e+00  0.00e+00  0.00e+00  0.00e+00  0.00e+00  0.00e+00
   0.00e+00  0.00e+00  0.00e+00  0.00e+00  0.00e+00  0.00e+00  0.00e+00]
 [ 0.00e+00  0.00e+00  3.00e-05  0.00e+00  0.00e+00  1.40e-04  0.00e+00
   9.00e-05  0.00e+00  0.00e+00  0.00e+00  0.00e+00  1.10e-04  0.00e+00
   0.00e+00  0.00e+00  0.00e+00  0.00e+00  0.00e+00  8.00e-05  0.00e+00]
 [ 0.00e+00  0.00e+00  0.00e+00  0.00e+00  0.00e+00  0.00e+00  0.00e+00
   0.00e+00  0.00e+00  0.00e+00  0.00e+00  0.00e+00  0.00e+00  0.00e+00
   0.00e+00  0.00e+00  0.00e+00  0.00e+00  0.00e+00  0.00e+00  0.00e+00]
 [ 0.00e+00  0.00e+00  0.00e+00  0.00e+00  0.00e+00  0.00e+00  0.00e+00
   0.00e+00  0.00e+00  0.00e+00  0.00e+00  0.00e+00  0.00e+00  0.00e+00
   0.00e+00  0.00e+00  0.00e+00  0.00e+00  0.00e+00  0.00e+00  0.00e+00]
 [ 0.00e+00  0.00e+00  0.00e+00  0.00e+00  0.00e+00  0.00e+00  0.00e+00
   0.00e+00  0.00e+00  0.00e+00  0.00e+00  0.00e+00  0.00e+00  0.00e+00
   0.00e+00  0.00e+00  0.00e+00  0.00e+00  0.00e+00  0.00e+00  0.00e+00]
 [ 0.00e+00  0.00e+00  0.00e+00  0.00e+00  0.00e+00  0.00e+00  0.00e+00
   0.00e+00  0.00e+00  0.00e+00  0.00e+00  0.00e+00  0.00e+00  0.00e+00
   0.00e+00  0.00e+00  0.00e+00  0.00e+00  0.00e+00  0.00e+00  0.00e+00]
 [-0.00e+00 -0.00e+00 -1.18e-03 -0.00e+00 -0.00e+00 -5.33e-03 -1.80e-04
  -3.39e-03 -0.00e+00 -0.00e+00 -0.00e+00 -0.00e+00 -4.15e-03 -0.00e+00
  -0.00e+00 -0.00e+00 -0.00e+00 -0.00e+00 -0.00e+00 -2.85e-03 -0.00e+00]
 [ 0.00e+00  0.00e+00  0.00e+00  0.00e+00  0.00e+00  0.00e+00  0.00e+00
   0.00e+00  0.00e+00  0.00e+00  0.00e+00  0.00e+00  0.00e+00  0.00e+00
   0.00e+00  0.00e+00  0.00e+00  0.00e+00  0.00e+00  0.00e+00  0.00e+00]
 [ 0.00e+00  0.00e+00  3.30e-04  0.00e+00  0.00e+00  1.48e-03  5.00e-05
   9.40e-04  0.00e+00  0.00e+00  0.00e+00  0.00e+00  1.15e-03  0.00e+00
   0.00e+00  0.00e+00  0.00e+00  0.00e+00  0.00e+00  7.90e-04  0.00e+00]
 [ 0.00e+00  0.00e+00  0.00e+00  0.00e+00  0.00e+00  0.00e+00  0.00e+00
   0.00e+00  0.00e+00  0.00e+00  0.00e+00  0.00e+00  0.00e+00  0.00e+00
   0.00e+00  0.00e+00  0.00e+00  0.00e+00  0.00e+00  0.00e+00  0.00e+00]
 [ 0.00e+00  0.00e+00  0.00e+00  0.00e+00  0.00e+00  0.00e+00  0.00e+00
   0.00e+00  0.00e+00  0.00e+00  0.00e+00  0.00e+00  0.00e+00  0.00e+00
   0.00e+00  0.00e+00  0.00e+00  0.00e+00  0.00e+00  0.00e+00  0.00e+00]
 [-0.00e+00 -0.00e+00 -8.40e-04 -0.00e+00 -0.00e+00 -3.80e-03 -1.30e-04
  -2.41e-03 -0.00e+00 -0.00e+00 -0.00e+00 -0.00e+00 -2.96e-03 -0.00e+00
  -0.00e+00 -0.00e+00 -0.00e+00 -0.00e+00 -0.00e+00 -2.03e-03 -0.00e+00]
 [ 0.00e+00  0.00e+00  0.00e+00  0.00e+00  0.00e+00  0.00e+00  0.00e+00
   0.00e+00  0.00e+00  0.00e+00  0.00e+00  0.00e+00  0.00e+00  0.00e+00
   0.00e+00  0.00e+00  0.00e+00  0.00e+00  0.00e+00  0.00e+00  0.00e+00]
 [ 0.00e+00  0.00e+00  2.04e-03  0.00e+00  0.00e+00  9.19e-03  3.10e-04
   5.84e-03  0.00e+00  0.00e+00  0.00e+00  0.00e+00  7.16e-03  0.00e+00
   0.00e+00  0.00e+00  0.00e+00  0.00e+00  0.00e+00  4.91e-03  0.00e+00]
 [ 0.00e+00  0.00e+00  0.00e+00  0.00e+00  0.00e+00  0.00e+00  0.00e+00
   0.00e+00  0.00e+00  0.00e+00  0.00e+00  0.00e+00  0.00e+00  0.00e+00
   0.00e+00  0.00e+00  0.00e+00  0.00e+00  0.00e+00  0.00e+00  0.00e+00]
 [ 0.00e+00  0.00e+00  0.00e+00  0.00e+00  0.00e+00  0.00e+00  0.00e+00
   0.00e+00  0.00e+00  0.00e+00  0.00e+00  0.00e+00  0.00e+00  0.00e+00
   0.00e+00  0.00e+00  0.00e+00  0.00e+00  0.00e+00  0.00e+00  0.00e+00]
 [-0.00e+00 -0.00e+00 -9.10e-04 -0.00e+00 -0.00e+00 -4.12e-03 -1.40e-04
  -2.62e-03 -0.00e+00 -0.00e+00 -0.00e+00 -0.00e+00 -3.21e-03 -0.00e+00
  -0.00e+00 -0.00e+00 -0.00e+00 -0.00e+00 -0.00e+00 -2.20e-03 -0.00e+00]
 [ 0.00e+00  0.00e+00  0.00e+00  0.00e+00  0.00e+00  0.00e+00  0.00e+00
   0.00e+00  0.00e+00  0.00e+00  0.00e+00  0.00e+00  0.00e+00  0.00e+00
   0.00e+00  0.00e+00  0.00e+00  0.00e+00  0.00e+00  0.00e+00  0.00e+00]
 [ 0.00e+00  0.00e+00  0.00e+00  0.00e+00  0.00e+00  0.00e+00  0.00e+00
   0.00e+00  0.00e+00  0.00e+00  0.00e+00  0.00e+00  0.00e+00  0.00e+00
   0.00e+00  0.00e+00  0.00e+00  0.00e+00  0.00e+00  0.00e+00  0.00e+00]
 [ 0.00e+00  0.00e+00  0.00e+00  0.00e+00  0.00e+00  0.00e+00  0.00e+00
   0.00e+00  0.00e+00  0.00e+00  0.00e+00  0.00e+00  0.00e+00  0.00e+00
   0.00e+00  0.00e+00  0.00e+00  0.00e+00  0.00e+00  0.00e+00  0.00e+00]
 [ 0.00e+00  0.00e+00  3.30e-04  0.00e+00  0.00e+00  1.48e-03  5.00e-05
   9.40e-04  0.00e+00  0.00e+00  0.00e+00  0.00e+00  1.15e-03  0.00e+00
   0.00e+00  0.00e+00  0.00e+00  0.00e+00  0.00e+00  7.90e-04  0.00e+00]]
weight_9
[[-0.      -0.00852 -0.      -0.      -0.      -0.      -0.00603 -0.
  -0.00129 -0.      -0.      -0.00689 -0.      -0.00671 -0.      -0.
  -0.00336 -0.      -0.      -0.      -0.00488]
 [ 0.       0.       0.       0.       0.       0.       0.       0.
   0.       0.       0.       0.       0.       0.       0.       0.
   0.       0.       0.       0.       0.     ]
 [ 0.       0.       0.       0.       0.       0.       0.       0.
   0.       0.       0.       0.       0.       0.       0.       0.
   0.       0.       0.       0.       0.     ]
 [-0.      -0.01469 -0.      -0.      -0.      -0.      -0.01039 -0.
  -0.00222 -0.      -0.      -0.01188 -0.      -0.01157 -0.      -0.
  -0.0058  -0.      -0.      -0.      -0.00841]
 [ 0.       0.       0.       0.       0.       0.       0.       0.
   0.       0.       0.       0.       0.       0.       0.       0.
   0.       0.       0.       0.       0.     ]
 [ 0.       0.       0.       0.       0.       0.       0.       0.
   0.       0.       0.       0.       0.       0.       0.       0.
   0.       0.       0.       0.       0.     ]
 [ 0.       0.       0.       0.       0.       0.       0.       0.
   0.       0.       0.       0.       0.       0.       0.       0.
   0.       0.       0.       0.       0.     ]
 [ 0.       0.       0.       0.       0.       0.       0.       0.
   0.       0.       0.       0.       0.       0.       0.       0.
   0.       0.       0.       0.       0.     ]
 [ 0.       0.       0.       0.       0.       0.       0.       0.
   0.       0.       0.       0.       0.       0.       0.       0.
   0.       0.       0.       0.       0.     ]
 [ 0.       0.       0.       0.       0.       0.       0.       0.
   0.       0.       0.       0.       0.       0.       0.       0.
   0.       0.       0.       0.       0.     ]
 [ 0.       0.       0.       0.       0.       0.       0.       0.
   0.       0.       0.       0.       0.       0.       0.       0.
   0.       0.       0.       0.       0.     ]
 [ 0.       0.01094  0.       0.       0.       0.       0.00773  0.
   0.00165  0.       0.       0.00885  0.       0.00861  0.       0.
   0.00432  0.       0.       0.       0.00626]
 [ 0.       0.       0.       0.       0.       0.       0.       0.
   0.       0.       0.       0.       0.       0.       0.       0.
   0.       0.       0.       0.       0.     ]
 [ 0.       0.       0.       0.       0.       0.       0.       0.
   0.       0.       0.       0.       0.       0.       0.       0.
   0.       0.       0.       0.       0.     ]
 [ 0.       0.       0.       0.       0.       0.       0.       0.
   0.       0.       0.       0.       0.       0.       0.       0.
   0.       0.       0.       0.       0.     ]
 [ 0.       0.       0.       0.       0.       0.       0.       0.
   0.       0.       0.       0.       0.       0.       0.       0.
   0.       0.       0.       0.       0.     ]
 [ 0.       0.       0.       0.       0.       0.       0.       0.
   0.       0.       0.       0.       0.       0.       0.       0.
   0.       0.       0.       0.       0.     ]
 [-0.      -0.00581 -0.      -0.      -0.      -0.      -0.00411 -0.
  -0.00088 -0.      -0.      -0.0047  -0.      -0.00457 -0.      -0.
  -0.00229 -0.      -0.      -0.      -0.00332]
 [-0.      -0.00747 -0.      -0.      -0.      -0.      -0.00528 -0.
  -0.00113 -0.      -0.      -0.00604 -0.      -0.00588 -0.      -0.
  -0.00295 -0.      -0.      -0.      -0.00428]
 [ 0.       0.01026  0.       0.       0.       0.       0.00725  0.
   0.00155  0.       0.       0.0083   0.       0.00808  0.       0.
   0.00405  0.       0.       0.       0.00587]
 [ 0.       0.       0.       0.       0.       0.       0.       0.
   0.       0.       0.       0.       0.       0.       0.       0.
   0.       0.       0.       0.       0.     ]]
weight_10
[[ 0.       0.       0.       0.       0.       0.       0.       0.
   0.       0.       0.       0.       0.       0.       0.       0.
   0.       0.       0.       0.       0.     ]
 [ 0.       0.       0.       0.       0.       0.       0.       0.
   0.       0.       0.       0.       0.       0.       0.       0.
   0.       0.       0.       0.       0.     ]
 [-0.03211 -0.      -0.      -0.01145 -0.      -0.      -0.      -0.
  -0.      -0.      -0.      -0.01031 -0.      -0.      -0.      -0.
  -0.      -0.01794 -0.02686 -0.03422 -0.     ]
 [ 0.       0.       0.       0.       0.       0.       0.       0.
   0.       0.       0.       0.       0.       0.       0.       0.
   0.       0.       0.       0.       0.     ]
 [ 0.       0.       0.       0.       0.       0.       0.       0.
   0.       0.       0.       0.       0.       0.       0.       0.
   0.       0.       0.       0.       0.     ]
 [-0.02941 -0.      -0.      -0.01049 -0.      -0.      -0.      -0.
  -0.      -0.      -0.      -0.00944 -0.      -0.      -0.      -0.
  -0.      -0.01643 -0.0246  -0.03135 -0.     ]
 [ 0.00583  0.       0.       0.00208  0.       0.       0.       0.
   0.       0.       0.       0.00187  0.       0.       0.       0.
   0.       0.00326  0.00487  0.00621  0.     ]
 [ 0.       0.       0.       0.       0.       0.       0.       0.
   0.       0.       0.       0.       0.       0.       0.       0.
   0.       0.       0.       0.       0.     ]
 [-0.02222 -0.      -0.      -0.00792 -0.      -0.      -0.      -0.
  -0.      -0.      -0.      -0.00713 -0.      -0.      -0.      -0.
  -0.      -0.01241 -0.01859 -0.02368 -0.     ]
 [ 0.04713  0.       0.       0.01681  0.       0.       0.       0.
   0.       0.       0.       0.01513  0.       0.       0.       0.
   0.       0.02633  0.03942  0.05023  0.     ]
 [ 0.       0.       0.       0.       0.       0.       0.       0.
   0.       0.       0.       0.       0.       0.       0.       0.
   0.       0.       0.       0.       0.     ]
 [ 0.       0.       0.       0.       0.       0.       0.       0.
   0.       0.       0.       0.       0.       0.       0.       0.
   0.       0.       0.       0.       0.     ]
 [ 0.00245  0.       0.       0.00087  0.       0.       0.       0.
   0.       0.       0.       0.00079  0.       0.       0.       0.
   0.       0.00137  0.00205  0.00261  0.     ]
 [ 0.       0.       0.       0.       0.       0.       0.       0.
   0.       0.       0.       0.       0.       0.       0.       0.
   0.       0.       0.       0.       0.     ]
 [ 0.0365   0.       0.       0.01302  0.       0.       0.       0.
   0.       0.       0.       0.01172  0.       0.       0.       0.
   0.       0.02039  0.03054  0.03891  0.     ]
 [ 0.       0.       0.       0.       0.       0.       0.       0.
   0.       0.       0.       0.       0.       0.       0.       0.
   0.       0.       0.       0.       0.     ]
 [ 0.04877  0.       0.       0.01739  0.       0.       0.       0.
   0.       0.       0.       0.01566  0.       0.       0.       0.
   0.       0.02725  0.0408   0.05199  0.     ]
 [-0.01244 -0.      -0.      -0.00444 -0.      -0.      -0.      -0.
  -0.      -0.      -0.      -0.004   -0.      -0.      -0.      -0.
  -0.      -0.00695 -0.01041 -0.01326 -0.     ]
 [ 0.02909  0.       0.       0.01037  0.       0.       0.       0.
   0.       0.       0.       0.00934  0.       0.       0.       0.
   0.       0.01625  0.02433  0.031    0.     ]
 [-0.01    -0.      -0.      -0.00356 -0.      -0.      -0.      -0.
  -0.      -0.      -0.      -0.00321 -0.      -0.      -0.      -0.
  -0.      -0.00558 -0.00836 -0.01065 -0.     ]
 [ 0.       0.       0.       0.       0.       0.       0.       0.
   0.       0.       0.       0.       0.       0.       0.       0.
   0.       0.       0.       0.       0.     ]]
weight_11
[[ 0.       0.      -0.04649  0.       0.      -0.04959 -0.21991  0.
  -0.08362 -0.11458  0.       0.      -0.04464  0.      -0.2491   0.
  -0.07767 -0.17863 -0.20948 -0.07483  0.     ]]
autograd_b
bias_1
[ 0.e+00 -4.e-05  1.e-05  0.e+00  3.e-05 -5.e-05  4.e-05 -3.e-05 -1.e-05
 -2.e-05 -0.e+00  2.e-05 -0.e+00  5.e-05  4.e-05 -1.e-05  4.e-05  3.e-05
  0.e+00  1.e-05  2.e-05]
bias_2
[ 3.0e-05  0.0e+00  0.0e+00  0.0e+00  3.0e-05  3.0e-05  0.0e+00  0.0e+00
  2.0e-05  0.0e+00 -1.1e-04 -1.0e-04 -2.0e-05  2.0e-05  0.0e+00 -9.0e-05
  6.0e-05  5.0e-05  0.0e+00  4.0e-05  4.0e-05]
bias_3
[ 0.0e+00  0.0e+00 -2.2e-04  0.0e+00  0.0e+00  0.0e+00  0.0e+00  0.0e+00
  0.0e+00 -1.1e-04  0.0e+00  0.0e+00  0.0e+00  1.1e-04  3.7e-04  0.0e+00
 -1.3e-04 -9.0e-05 -7.0e-05  0.0e+00 -1.6e-04]
bias_4
[ 0.0e+00  2.0e-04  0.0e+00  3.2e-04  0.0e+00  0.0e+00  6.3e-04  0.0e+00
  0.0e+00  9.0e-05  0.0e+00  0.0e+00  0.0e+00  0.0e+00 -4.3e-04  3.2e-04
 -2.6e-04 -3.0e-04 -1.3e-04 -5.3e-04 -8.5e-04]
bias_5
[ 0.       0.00104  0.       0.      -0.0005   0.      -0.00114 -0.0004
 -0.00036  0.00158  0.       0.       0.       0.       0.      -0.0008
  0.      -0.00226  0.0004   0.      -0.00301]
bias_6
[ 0.       0.       0.      -0.00255  0.       0.       0.       0.
  0.       0.       0.       0.00161  0.       0.       0.      -0.00547
  0.      -0.00592 -0.00244  0.      -0.00359]
bias_7
[ 0.000e+00  0.000e+00  4.730e-03  0.000e+00  0.000e+00  1.277e-02
  1.530e-03 -6.400e-03  0.000e+00  0.000e+00  0.000e+00 -1.235e-02
 -7.810e-03  0.000e+00  0.000e+00  0.000e+00  0.000e+00  0.000e+00
  0.000e+00 -9.000e-05  0.000e+00]
bias_8
[ 0.       0.00069  0.       0.       0.       0.      -0.02586  0.
  0.00719  0.       0.      -0.01842  0.       0.04458  0.       0.
 -0.01997  0.       0.       0.       0.00717]
bias_9
[-0.053    0.       0.      -0.09138  0.       0.       0.       0.
  0.       0.       0.       0.06803  0.       0.       0.       0.
  0.      -0.03614 -0.04648  0.06379  0.     ]
bias_10
[ 0.       0.      -0.17261  0.       0.      -0.1581   0.03132  0.
 -0.11944  0.25334  0.       0.       0.01319  0.       0.19624  0.
  0.26219 -0.06689  0.15636 -0.05374  0.     ]
bias_11
[-1.26091]
